199	273
200	274
201	275
201	276
201	279
202	277
202	280
202	283
203	276
203	281
203	282
204	276
204	281
205	277
205	278
205	280
206	279
206	280
206	281
206	282
207	281
207	282
207	287
208	283
208	284
208	287
208	288
209	285
209	288
210	286
210	287
211	285
212	285
213	286
213	287
213	288
214	287
214	292
215	288
215	291
215	293
215	294
216	243
216	286
216	289
216	291
217	244
217	247
217	287
217	290
218	245
218	247
218	285
218	288
218	290
218	291
218	292
218	294
219	246
219	280
219	285
219	286
219	289
219	291
219	293
219	295
220	241
220	242
220	243
220	245
220	246
220	278
220	279
220	281
220	287
220	288
220	292
221	244
221	280
221	287
221	289
221	290
222	229
222	244
222	271
222	281
222	285
222	286
222	287
223	229
223	232
223	238
223	239
223	243
223	244
223	270
223	282
223	284
223	285
224	228
224	229
224	233
224	240
224	243
224	255
224	268
224	269
224	282
224	284
224	285
225	229
225	232
225	241
225	243
225	254
225	270
225	272
225	273
225	279
225	281
225	283
225	285
225	286
225	289
226	227
226	229
226	231
226	232
226	233
226	242
226	243
226	244
226	253
226	269
226	270
226	271
226	280
226	281
226	282
226	287
226	288
227	226
227	230
227	242
227	253
227	271
227	283
227	289
228	223
228	225
228	226
228	227
228	230
228	242
228	254
228	263
228	264
228	272
228	282
228	284
228	285
228	290
229	224
229	226
229	227
229	231
229	242
229	248
229	255
229	257
229	264
229	269
229	273
229	277
229	283
230	224
230	225
230	228
230	230
230	241
230	244
230	248
230	256
230	263
230	269
230	272
230	277
230	282
231	224
231	229
231	230
231	231
231	232
231	233
231	234
231	235
231	236
231	237
231	238
231	239
231	240
231	241
231	242
231	243
231	244
231	245
231	246
231	247
231	248
231	249
231	250
231	251
231	252
231	253
231	254
231	255
231	256
231	257
231	258
231	259
231	260
231	261
231	262
231	263
231	264
231	265
231	266
231	267
231	268
231	269
231	270
231	271
231	272
231	273
231	274
231	275
231	276
231	277
231	278
231	279
231	280
231	281
232	228
232	231
232	232
232	233
232	234
232	235
232	236
232	237
232	238
232	239
232	240
232	241
232	242
232	243
232	244
232	245
232	246
232	247
232	248
232	249
232	250
232	251
232	252
232	253
232	254
232	255
232	256
232	257
232	258
232	259
232	260
232	261
232	262
232	263
232	264
232	265
232	266
232	267
232	268
232	269
232	270
232	271
232	272
232	273
232	274
232	275
232	276
232	277
232	278
232	279
232	280
232	281
233	227
233	228
233	231
233	232
233	233
233	234
233	235
233	236
233	237
233	238
233	239
233	240
233	241
233	242
233	243
233	244
233	245
233	246
233	247
233	248
233	249
233	250
233	251
233	252
233	253
233	254
233	255
233	256
233	257
233	258
233	259
233	260
233	261
233	262
233	263
233	264
233	265
233	266
233	267
233	268
233	269
233	270
233	271
233	272
233	273
233	274
233	275
233	276
233	277
233	278
233	279
233	280
233	281
234	231
234	232
234	233
234	234
234	235
234	236
234	237
234	238
234	239
234	240
234	241
234	242
234	243
234	244
234	245
234	246
234	247
234	248
234	249
234	250
234	251
234	252
234	253
234	254
234	255
234	256
234	257
234	258
234	259
234	260
234	261
234	262
234	263
234	264
234	265
234	266
234	267
234	268
234	269
234	270
234	271
234	272
234	273
234	274
234	275
234	276
234	277
234	278
234	279
234	280
234	281
234	282
234	283
234	284
234	285
234	287
235	231
235	232
235	233
235	234
235	235
235	236
235	237
235	238
235	239
235	240
235	241
235	242
235	243
235	244
235	245
235	246
235	247
235	248
235	249
235	250
235	251
235	252
235	253
235	254
235	255
235	256
235	257
235	258
235	259
235	260
235	261
235	262
235	263
235	264
235	265
235	266
235	267
235	268
235	269
235	270
235	271
235	272
235	273
235	274
235	275
235	276
235	277
235	278
235	279
235	280
235	281
235	284
235	285
235	287
236	231
236	232
236	233
236	234
236	235
236	236
236	237
236	238
236	239
236	240
236	241
236	242
236	243
236	244
236	245
236	246
236	247
236	248
236	249
236	250
236	251
236	252
236	253
236	254
236	255
236	256
236	257
236	258
236	259
236	260
236	261
236	262
236	263
236	264
236	265
236	266
236	267
236	268
236	269
236	270
236	271
236	272
236	273
236	274
236	275
236	276
236	277
236	278
236	279
236	280
236	281
236	282
236	286
236	287
236	288
236	289
237	231
237	232
237	233
237	234
237	235
237	236
237	237
237	238
237	239
237	240
237	241
237	242
237	243
237	244
237	245
237	246
237	247
237	248
237	249
237	250
237	251
237	252
237	253
237	254
237	255
237	256
237	257
237	258
237	259
237	260
237	261
237	262
237	263
237	264
237	265
237	266
237	267
237	268
237	269
237	270
237	271
237	272
237	273
237	274
237	275
237	276
237	277
237	278
237	279
237	280
237	281
238	231
238	232
238	233
238	234
238	235
238	236
238	237
238	238
238	239
238	240
238	241
238	242
238	243
238	244
238	245
238	246
238	247
238	248
238	249
238	250
238	251
238	252
238	253
238	254
238	255
238	256
238	257
238	258
238	259
238	260
238	261
238	262
238	263
238	264
238	265
238	266
238	267
238	268
238	269
238	270
238	271
238	272
238	273
238	274
238	275
238	276
238	277
238	278
238	279
238	280
238	281
239	231
239	232
239	233
239	234
239	235
239	236
239	237
239	238
239	239
239	240
239	241
239	242
239	243
239	244
239	245
239	246
239	247
239	248
239	249
239	250
239	251
239	252
239	253
239	254
239	255
239	256
239	257
239	258
239	259
239	260
239	261
239	262
239	263
239	264
239	265
239	266
239	267
239	268
239	269
239	270
239	271
239	272
239	273
239	274
239	275
239	276
239	277
239	278
239	279
239	280
239	281
239	282
239	283
240	230
240	231
240	232
240	233
240	234
240	235
240	236
240	237
240	238
240	239
240	240
240	241
240	242
240	243
240	244
240	245
240	246
240	247
240	248
240	249
240	250
240	251
240	252
240	253
240	254
240	255
240	256
240	257
240	258
240	259
240	260
240	261
240	262
240	263
240	264
240	265
240	266
240	267
240	268
240	269
240	270
240	271
240	272
240	273
240	274
240	275
240	276
240	277
240	278
240	279
240	280
240	281
240	286
240	288
240	289
241	231
241	232
241	233
241	234
241	235
241	236
241	237
241	238
241	239
241	240
241	241
241	242
241	243
241	244
241	245
241	246
241	247
241	248
241	249
241	250
241	251
241	252
241	253
241	254
241	255
241	256
241	257
241	258
241	259
241	260
241	261
241	262
241	263
241	264
241	265
241	266
241	267
241	268
241	269
241	270
241	271
241	272
241	273
241	274
241	275
241	276
241	277
241	278
241	279
241	280
241	281
241	285
241	287
241	290
241	291
242	231
242	232
242	233
242	234
242	235
242	236
242	237
242	238
242	239
242	240
242	241
242	242
242	243
242	244
242	245
242	246
242	247
242	248
242	249
242	250
242	251
242	252
242	253
242	254
242	255
242	256
242	257
242	258
242	259
242	260
242	261
242	262
242	263
242	264
242	265
242	266
242	267
242	268
242	269
242	270
242	271
242	272
242	273
242	274
242	275
242	276
242	277
242	278
242	279
242	280
242	281
242	283
242	284
243	230
243	231
243	232
243	233
243	234
243	235
243	236
243	237
243	238
243	239
243	240
243	241
243	242
243	243
243	244
243	245
243	246
243	247
243	248
243	249
243	250
243	251
243	252
243	253
243	254
243	255
243	256
243	257
243	258
243	259
243	260
243	261
243	262
243	263
243	264
243	265
243	266
243	267
243	268
243	269
243	270
243	271
243	272
243	273
243	274
243	275
243	276
243	277
243	278
243	279
243	280
243	281
243	282
244	231
244	232
244	233
244	234
244	235
244	236
244	237
244	238
244	239
244	240
244	241
244	242
244	243
244	244
244	245
244	246
244	247
244	248
244	249
244	250
244	251
244	252
244	253
244	254
244	255
244	256
244	257
244	258
244	259
244	260
244	261
244	262
244	263
244	264
244	265
244	266
244	267
244	268
244	269
244	270
244	271
244	272
244	273
244	274
244	275
244	276
244	277
244	278
244	279
244	280
244	281
244	283
245	231
245	232
245	233
245	234
245	235
245	236
245	237
245	238
245	239
245	240
245	241
245	242
245	243
245	244
245	245
245	246
245	247
245	248
245	249
245	250
245	251
245	252
245	253
245	254
245	255
245	256
245	257
245	258
245	259
245	260
245	261
245	262
245	263
245	264
245	265
245	266
245	267
245	268
245	269
245	270
245	271
245	272
245	273
245	274
245	275
245	276
245	277
245	278
245	279
245	280
245	281
245	284
245	285
246	231
246	232
246	233
246	234
246	235
246	236
246	237
246	238
246	239
246	240
246	241
246	242
246	243
246	244
246	245
246	246
246	247
246	248
246	249
246	250
246	251
246	252
246	253
246	254
246	255
246	256
246	257
246	258
246	259
246	260
246	261
246	262
246	263
246	264
246	265
246	266
246	267
246	268
246	269
246	270
246	271
246	272
246	273
246	274
246	275
246	276
246	277
246	278
246	279
246	280
246	281
247	231
247	232
247	233
247	234
247	235
247	236
247	237
247	238
247	239
247	240
247	241
247	242
247	243
247	244
247	245
247	246
247	247
247	248
247	249
247	250
247	251
247	252
247	253
247	254
247	255
247	256
247	257
247	258
247	259
247	260
247	261
247	262
247	263
247	264
247	265
247	266
247	267
247	268
247	269
247	270
247	271
247	272
247	273
247	274
247	275
247	276
247	277
247	278
247	279
247	280
247	281
247	283
247	287
248	230
248	231
248	232
248	233
248	234
248	235
248	236
248	237
248	238
248	239
248	240
248	241
248	242
248	243
248	244
248	245
248	246
248	247
248	248
248	249
248	250
248	251
248	252
248	253
248	254
248	255
248	256
248	257
248	258
248	259
248	260
248	261
248	262
248	263
248	264
248	265
248	266
248	267
248	268
248	269
248	270
248	271
248	272
248	273
248	274
248	275
248	276
248	277
248	278
248	279
248	280
248	281
248	282
248	284
248	286
248	288
248	289
249	231
249	232
249	233
249	234
249	235
249	236
249	237
249	238
249	239
249	240
249	241
249	242
249	243
249	244
249	245
249	246
249	247
249	248
249	249
249	250
249	251
249	252
249	253
249	254
249	255
249	256
249	257
249	258
249	259
249	260
249	261
249	262
249	263
249	264
249	265
249	266
249	267
249	268
249	269
249	270
249	271
249	272
249	273
249	274
249	275
249	276
249	277
249	278
249	279
249	280
249	281
249	285
249	294
249	383
250	231
250	232
250	233
250	234
250	235
250	236
250	237
250	238
250	239
250	240
250	241
250	242
250	243
250	244
250	245
250	246
250	247
250	248
250	249
250	250
250	251
250	252
250	253
250	254
250	255
250	256
250	257
250	258
250	259
250	260
250	261
250	262
250	263
250	264
250	265
250	266
250	267
250	268
250	269
250	270
250	271
250	272
250	273
250	274
250	275
250	276
250	277
250	278
250	279
250	280
250	281
250	282
250	285
250	289
250	290
250	292
250	293
250	383
251	231
251	232
251	233
251	234
251	235
251	236
251	237
251	238
251	239
251	240
251	241
251	242
251	243
251	244
251	245
251	246
251	247
251	248
251	249
251	250
251	251
251	252
251	253
251	254
251	255
251	256
251	257
251	258
251	259
251	260
251	261
251	262
251	263
251	264
251	265
251	266
251	267
251	268
251	269
251	270
251	271
251	272
251	273
251	274
251	275
251	276
251	277
251	278
251	279
251	280
251	281
251	286
251	287
251	288
251	289
251	292
251	293
251	297
251	382
252	231
252	232
252	233
252	234
252	235
252	236
252	237
252	238
252	239
252	240
252	241
252	242
252	243
252	244
252	245
252	246
252	247
252	248
252	249
252	250
252	251
252	252
252	253
252	254
252	255
252	256
252	257
252	258
252	259
252	260
252	261
252	262
252	263
252	264
252	265
252	266
252	267
252	268
252	269
252	270
252	271
252	272
252	273
252	274
252	275
252	276
252	277
252	278
252	279
252	280
252	281
252	290
252	291
252	294
252	296
252	365
252	366
252	380
252	381
252	383
253	231
253	232
253	233
253	234
253	235
253	236
253	237
253	238
253	239
253	240
253	241
253	242
253	243
253	244
253	245
253	246
253	247
253	248
253	249
253	250
253	251
253	252
253	253
253	254
253	255
253	256
253	257
253	258
253	259
253	260
253	261
253	262
253	263
253	264
253	265
253	266
253	267
253	268
253	269
253	270
253	271
253	272
253	273
253	274
253	275
253	276
253	277
253	278
253	279
253	280
253	281
253	282
253	291
253	295
253	366
253	379
253	380
253	382
254	231
254	232
254	233
254	234
254	235
254	236
254	237
254	238
254	239
254	240
254	241
254	242
254	243
254	244
254	245
254	246
254	247
254	248
254	249
254	250
254	251
254	252
254	253
254	254
254	255
254	256
254	257
254	258
254	259
254	260
254	261
254	262
254	263
254	264
254	265
254	266
254	267
254	268
254	269
254	270
254	271
254	272
254	273
254	274
254	275
254	276
254	277
254	278
254	279
254	280
254	281
254	283
254	284
254	285
254	363
254	365
254	369
254	376
254	378
254	379
255	231
255	232
255	233
255	234
255	235
255	236
255	237
255	238
255	239
255	240
255	241
255	242
255	243
255	244
255	245
255	246
255	247
255	248
255	249
255	250
255	251
255	252
255	253
255	254
255	255
255	256
255	257
255	258
255	259
255	260
255	261
255	262
255	263
255	264
255	265
255	266
255	267
255	268
255	269
255	270
255	271
255	272
255	273
255	274
255	275
255	276
255	277
255	278
255	279
255	280
255	281
255	283
255	324
255	364
255	365
255	370
255	371
255	377
256	229
256	230
256	231
256	232
256	233
256	234
256	235
256	236
256	237
256	238
256	239
256	240
256	241
256	242
256	243
256	244
256	245
256	246
256	247
256	248
256	249
256	250
256	251
256	252
256	253
256	254
256	255
256	256
256	257
256	258
256	259
256	260
256	261
256	262
256	263
256	264
256	265
256	266
256	267
256	268
256	269
256	270
256	271
256	272
256	273
256	274
256	275
256	276
256	277
256	278
256	279
256	280
256	281
256	282
256	284
256	285
256	286
256	289
256	319
256	320
256	324
256	360
256	365
256	372
256	376
256	378
257	231
257	232
257	233
257	234
257	235
257	236
257	237
257	238
257	239
257	240
257	241
257	242
257	243
257	244
257	245
257	246
257	247
257	248
257	249
257	250
257	251
257	252
257	253
257	254
257	255
257	256
257	257
257	258
257	259
257	260
257	261
257	262
257	263
257	264
257	265
257	266
257	267
257	268
257	269
257	270
257	271
257	272
257	273
257	274
257	275
257	276
257	277
257	278
257	279
257	280
257	281
257	287
257	288
257	320
257	324
257	360
257	361
257	365
257	366
257	372
257	375
257	377
258	231
258	232
258	233
258	234
258	235
258	236
258	237
258	238
258	239
258	240
258	241
258	242
258	243
258	244
258	245
258	246
258	247
258	248
258	249
258	250
258	251
258	252
258	253
258	254
258	255
258	256
258	257
258	258
258	259
258	260
258	261
258	262
258	263
258	264
258	265
258	266
258	267
258	268
258	269
258	270
258	271
258	272
258	273
258	274
258	275
258	276
258	277
258	278
258	279
258	280
258	281
258	319
258	320
258	322
258	323
258	324
258	361
258	366
258	367
258	371
258	374
259	231
259	232
259	233
259	234
259	235
259	236
259	237
259	238
259	239
259	240
259	241
259	242
259	243
259	244
259	245
259	246
259	247
259	248
259	249
259	250
259	251
259	252
259	253
259	254
259	255
259	256
259	257
259	258
259	259
259	260
259	261
259	262
259	263
259	264
259	265
259	266
259	267
259	268
259	269
259	270
259	271
259	272
259	273
259	274
259	275
259	276
259	277
259	278
259	279
259	280
259	281
259	319
259	320
259	321
259	361
259	364
259	365
259	372
259	373
260	231
260	232
260	233
260	234
260	235
260	236
260	237
260	238
260	239
260	240
260	241
260	242
260	243
260	244
260	245
260	246
260	247
260	248
260	249
260	250
260	251
260	252
260	253
260	254
260	255
260	256
260	257
260	258
260	259
260	260
260	261
260	262
260	263
260	264
260	265
260	266
260	267
260	268
260	269
260	270
260	271
260	272
260	273
260	274
260	275
260	276
260	277
260	278
260	279
260	280
260	281
260	319
260	362
260	363
260	365
260	371
260	374
261	231
261	232
261	233
261	234
261	235
261	236
261	237
261	238
261	239
261	240
261	241
261	242
261	243
261	244
261	245
261	246
261	247
261	248
261	249
261	250
261	251
261	252
261	253
261	254
261	255
261	256
261	257
261	258
261	259
261	260
261	261
261	262
261	263
261	264
261	265
261	266
261	267
261	268
261	269
261	270
261	271
261	272
261	273
261	274
261	275
261	276
261	277
261	278
261	279
261	280
261	281
261	283
261	318
261	362
261	364
261	370
262	231
262	232
262	233
262	234
262	235
262	236
262	237
262	238
262	239
262	240
262	241
262	242
262	243
262	244
262	245
262	246
262	247
262	248
262	249
262	250
262	251
262	252
262	253
262	254
262	255
262	256
262	257
262	258
262	259
262	260
262	261
262	262
262	263
262	264
262	265
262	266
262	267
262	268
262	269
262	270
262	271
262	272
262	273
262	274
262	275
262	276
262	277
262	278
262	279
262	280
262	281
262	282
262	318
262	363
262	370
263	231
263	232
263	233
263	234
263	235
263	236
263	237
263	238
263	239
263	240
263	241
263	242
263	243
263	244
263	245
263	246
263	247
263	248
263	249
263	250
263	251
263	252
263	253
263	254
263	255
263	256
263	257
263	258
263	259
263	260
263	261
263	262
263	263
263	264
263	265
263	266
263	267
263	268
263	269
263	270
263	271
263	272
263	273
263	274
263	275
263	276
263	277
263	278
263	279
263	280
263	281
263	315
263	316
263	317
263	358
263	364
263	369
264	231
264	232
264	233
264	234
264	235
264	236
264	237
264	238
264	239
264	240
264	241
264	242
264	243
264	244
264	245
264	246
264	247
264	248
264	249
264	250
264	251
264	252
264	253
264	254
264	255
264	256
264	257
264	258
264	259
264	260
264	261
264	262
264	263
264	264
264	265
264	266
264	267
264	268
264	269
264	270
264	271
264	272
264	273
264	274
264	275
264	276
264	277
264	278
264	279
264	280
264	281
264	290
264	292
264	293
264	315
264	340
264	352
264	359
264	364
264	365
264	370
264	372
265	231
265	232
265	233
265	234
265	235
265	236
265	237
265	238
265	239
265	240
265	241
265	242
265	243
265	244
265	245
265	246
265	247
265	248
265	249
265	250
265	251
265	252
265	253
265	254
265	255
265	256
265	257
265	258
265	259
265	260
265	261
265	262
265	263
265	264
265	265
265	266
265	267
265	268
265	269
265	270
265	271
265	272
265	273
265	274
265	275
265	276
265	277
265	278
265	279
265	280
265	281
265	291
265	314
265	341
265	353
265	360
265	365
265	367
265	369
265	370
265	371
265	372
265	373
265	374
266	230
266	231
266	232
266	233
266	234
266	235
266	236
266	237
266	238
266	239
266	240
266	241
266	242
266	243
266	244
266	245
266	246
266	247
266	248
266	249
266	250
266	251
266	252
266	253
266	254
266	255
266	256
266	257
266	258
266	259
266	260
266	261
266	262
266	263
266	264
266	265
266	266
266	267
266	268
266	269
266	270
266	271
266	272
266	273
266	274
266	275
266	276
266	277
266	278
266	279
266	280
266	281
266	290
266	313
266	337
266	340
266	354
266	360
266	361
266	363
266	364
266	368
266	373
267	216
267	217
267	231
267	232
267	233
267	234
267	235
267	236
267	237
267	238
267	239
267	240
267	241
267	242
267	243
267	244
267	245
267	246
267	247
267	248
267	249
267	250
267	251
267	252
267	253
267	254
267	255
267	256
267	257
267	258
267	259
267	260
267	261
267	262
267	263
267	264
267	265
267	266
267	267
267	268
267	269
267	270
267	271
267	272
267	273
267	274
267	275
267	276
267	277
267	278
267	279
267	280
267	281
267	289
267	290
267	309
267	314
267	338
267	339
267	354
267	362
267	365
267	367
268	216
268	231
268	232
268	233
268	234
268	235
268	236
268	237
268	238
268	239
268	240
268	241
268	242
268	243
268	244
268	245
268	246
268	247
268	248
268	249
268	250
268	251
268	252
268	253
268	254
268	255
268	256
268	257
268	258
268	259
268	260
268	261
268	262
268	263
268	264
268	265
268	266
268	267
268	268
268	269
268	270
268	271
268	272
268	273
268	274
268	275
268	276
268	277
268	278
268	279
268	280
268	281
268	288
268	310
268	313
268	335
268	338
268	339
268	355
268	361
268	366
269	214
269	216
269	217
269	231
269	232
269	233
269	234
269	235
269	236
269	237
269	238
269	239
269	240
269	241
269	242
269	243
269	244
269	245
269	246
269	247
269	248
269	249
269	250
269	251
269	252
269	253
269	254
269	255
269	256
269	257
269	258
269	259
269	260
269	261
269	262
269	263
269	264
269	265
269	266
269	267
269	268
269	269
269	270
269	271
269	272
269	273
269	274
269	275
269	276
269	277
269	278
269	279
269	280
269	281
269	288
269	311
269	312
269	314
269	315
269	316
269	336
269	337
269	338
269	340
269	354
269	357
269	359
269	360
270	211
270	215
270	216
270	231
270	232
270	233
270	234
270	235
270	236
270	237
270	238
270	239
270	240
270	241
270	242
270	243
270	244
270	245
270	246
270	247
270	248
270	249
270	250
270	251
270	252
270	253
270	254
270	255
270	256
270	257
270	258
270	259
270	260
270	261
270	262
270	263
270	264
270	265
270	266
270	267
270	268
270	269
270	270
270	271
270	272
270	273
270	274
270	275
270	276
270	277
270	278
270	279
270	280
270	281
270	282
270	283
270	284
270	285
270	286
270	287
270	308
270	310
270	312
270	338
270	352
270	353
270	355
270	356
270	357
270	358
271	212
271	213
271	214
271	217
271	223
271	231
271	232
271	233
271	234
271	235
271	236
271	237
271	238
271	239
271	240
271	241
271	242
271	243
271	244
271	245
271	246
271	247
271	248
271	249
271	250
271	251
271	252
271	253
271	254
271	255
271	256
271	257
271	258
271	259
271	260
271	261
271	262
271	263
271	264
271	265
271	266
271	267
271	268
271	269
271	270
271	271
271	272
271	273
271	274
271	275
271	276
271	277
271	278
271	279
271	280
271	281
271	288
271	309
271	338
271	349
271	350
271	351
271	354
271	358
272	218
272	223
272	228
272	230
272	231
272	232
272	233
272	234
272	235
272	236
272	237
272	238
272	239
272	240
272	241
272	242
272	243
272	244
272	245
272	246
272	247
272	248
272	249
272	250
272	251
272	252
272	253
272	254
272	255
272	256
272	257
272	258
272	259
272	260
272	261
272	262
272	263
272	264
272	265
272	266
272	267
272	268
272	269
272	270
272	271
272	272
272	273
272	274
272	275
272	276
272	277
272	278
272	279
272	280
272	281
272	309
272	326
272	336
272	338
272	353
273	219
273	220
273	222
273	224
273	225
273	227
273	229
273	231
273	232
273	233
273	234
273	235
273	236
273	237
273	238
273	239
273	240
273	241
273	242
273	243
273	244
273	245
273	246
273	247
273	248
273	249
273	250
273	251
273	252
273	253
273	254
273	255
273	256
273	257
273	258
273	259
273	260
273	261
273	262
273	263
273	264
273	265
273	266
273	267
273	268
273	269
273	270
273	271
273	272
273	273
273	274
273	275
273	276
273	277
273	278
273	279
273	280
273	281
273	307
273	308
273	326
273	337
273	354
273	355
273	356
273	377
274	218
274	219
274	221
274	224
274	226
274	230
274	231
274	232
274	233
274	234
274	235
274	236
274	237
274	238
274	239
274	240
274	241
274	242
274	243
274	244
274	245
274	246
274	247
274	248
274	249
274	250
274	251
274	252
274	253
274	254
274	255
274	256
274	257
274	258
274	259
274	260
274	261
274	262
274	263
274	264
274	265
274	266
274	267
274	268
274	269
274	270
274	271
274	272
274	273
274	274
274	275
274	276
274	277
274	278
274	279
274	280
274	281
274	282
274	308
274	309
274	325
274	337
274	353
274	369
274	378
275	217
275	229
275	231
275	232
275	233
275	234
275	235
275	236
275	237
275	238
275	239
275	240
275	241
275	242
275	243
275	244
275	245
275	246
275	247
275	248
275	249
275	250
275	251
275	252
275	253
275	254
275	255
275	256
275	257
275	258
275	259
275	260
275	261
275	262
275	263
275	264
275	265
275	266
275	267
275	268
275	269
275	270
275	271
275	272
275	273
275	274
275	275
275	276
275	277
275	278
275	279
275	280
275	281
275	305
275	306
275	307
275	323
275	325
275	332
275	336
275	342
275	343
275	347
275	353
275	370
275	379
276	211
276	212
276	213
276	214
276	216
276	231
276	232
276	233
276	234
276	235
276	236
276	237
276	238
276	239
276	240
276	241
276	242
276	243
276	244
276	245
276	246
276	247
276	248
276	249
276	250
276	251
276	252
276	253
276	254
276	255
276	256
276	257
276	258
276	259
276	260
276	261
276	262
276	263
276	264
276	265
276	266
276	267
276	268
276	269
276	270
276	271
276	272
276	273
276	274
276	275
276	276
276	277
276	278
276	279
276	280
276	281
276	306
276	307
276	323
276	324
276	326
276	332
276	335
276	341
276	342
276	348
276	352
276	355
276	368
276	369
276	378
277	215
277	230
277	231
277	232
277	233
277	234
277	235
277	236
277	237
277	238
277	239
277	240
277	241
277	242
277	243
277	244
277	245
277	246
277	247
277	248
277	249
277	250
277	251
277	252
277	253
277	254
277	255
277	256
277	257
277	258
277	259
277	260
277	261
277	262
277	263
277	264
277	265
277	266
277	267
277	268
277	269
277	270
277	271
277	272
277	273
277	274
277	275
277	276
277	277
277	278
277	279
277	280
277	281
277	282
277	299
277	305
277	324
277	333
277	334
277	340
277	348
277	351
277	355
277	366
277	367
277	377
277	380
278	213
278	214
278	228
278	229
278	231
278	232
278	233
278	234
278	235
278	236
278	237
278	238
278	239
278	240
278	241
278	242
278	243
278	244
278	245
278	246
278	247
278	248
278	249
278	250
278	251
278	252
278	253
278	254
278	255
278	256
278	257
278	258
278	259
278	260
278	261
278	262
278	263
278	264
278	265
278	266
278	267
278	268
278	269
278	270
278	271
278	272
278	273
278	274
278	275
278	276
278	277
278	278
278	279
278	280
278	281
278	287
278	299
278	301
278	305
278	306
278	324
278	331
278	335
278	339
278	348
278	349
278	351
278	352
278	353
278	354
278	364
278	365
278	378
278	379
279	231
279	232
279	233
279	234
279	235
279	236
279	237
279	238
279	239
279	240
279	241
279	242
279	243
279	244
279	245
279	246
279	247
279	248
279	249
279	250
279	251
279	252
279	253
279	254
279	255
279	256
279	257
279	258
279	259
279	260
279	261
279	262
279	263
279	264
279	265
279	266
279	267
279	268
279	269
279	270
279	271
279	272
279	273
279	274
279	275
279	276
279	277
279	278
279	279
279	280
279	281
279	287
279	292
279	294
279	299
279	300
279	301
279	304
279	325
279	332
279	335
279	336
279	337
279	339
279	340
279	341
279	347
279	350
279	353
279	359
279	365
279	377
280	225
280	228
280	231
280	232
280	233
280	234
280	235
280	236
280	237
280	238
280	239
280	240
280	241
280	242
280	243
280	244
280	245
280	246
280	247
280	248
280	249
280	250
280	251
280	252
280	253
280	254
280	255
280	256
280	257
280	258
280	259
280	260
280	261
280	262
280	263
280	264
280	265
280	266
280	267
280	268
280	269
280	270
280	271
280	272
280	273
280	274
280	275
280	276
280	277
280	278
280	279
280	280
280	281
280	282
280	283
280	284
280	285
280	287
280	288
280	293
280	294
280	298
280	302
280	304
280	322
280	326
280	333
280	337
280	340
280	341
280	345
280	346
280	351
280	354
280	355
280	356
280	358
280	364
280	366
280	368
280	372
280	376
280	377
281	224
281	226
281	227
281	229
281	230
281	231
281	232
281	233
281	234
281	235
281	236
281	237
281	238
281	239
281	240
281	241
281	242
281	243
281	244
281	245
281	246
281	247
281	248
281	249
281	250
281	251
281	252
281	253
281	254
281	255
281	256
281	257
281	258
281	259
281	260
281	261
281	262
281	263
281	264
281	265
281	266
281	267
281	268
281	269
281	270
281	271
281	272
281	273
281	274
281	275
281	276
281	277
281	278
281	279
281	280
281	281
281	286
281	288
281	294
281	296
281	297
281	299
281	304
281	318
281	321
281	327
281	328
281	333
281	334
281	337
281	339
281	344
281	352
281	357
281	363
281	364
281	365
281	366
281	367
281	368
281	373
281	374
281	375
281	376
281	378
282	227
282	230
282	233
282	238
282	241
282	245
282	248
282	256
282	259
282	260
282	265
282	273
282	278
282	281
282	287
282	293
282	295
282	296
282	298
282	300
282	301
282	303
282	304
282	307
282	317
282	321
282	325
282	328
282	333
282	335
282	337
282	338
282	339
282	343
282	358
282	359
282	362
282	367
282	369
282	370
282	371
282	372
282	373
282	375
282	378
283	226
283	231
283	234
283	238
283	239
283	241
283	244
283	249
283	259
283	264
283	272
283	277
283	281
283	286
283	288
283	291
283	292
283	295
283	302
283	305
283	306
283	316
283	322
283	323
283	324
283	327
283	328
283	331
283	332
283	333
283	336
283	337
283	339
283	340
283	342
283	343
283	347
283	358
283	361
283	364
283	371
283	373
284	225
284	226
284	233
284	235
284	241
284	242
284	243
284	244
284	245
284	258
284	260
284	272
284	277
284	280
284	286
284	289
284	290
284	292
284	293
284	305
284	314
284	315
284	318
284	319
284	320
284	322
284	323
284	325
284	327
284	329
284	330
284	333
284	334
284	341
284	344
284	345
284	346
284	348
284	349
284	359
284	361
284	363
284	374
284	375
285	222
285	223
285	224
285	233
285	236
285	241
285	261
285	271
285	277
285	281
285	286
285	289
285	292
285	293
285	306
285	312
285	314
285	315
285	316
285	317
285	321
285	324
285	326
285	331
285	335
285	340
285	345
285	347
285	350
285	360
285	362
286	223
286	234
286	235
286	237
286	241
286	262
286	272
286	281
286	287
286	294
286	298
286	307
286	310
286	313
286	316
286	318
286	324
286	336
286	348
286	351
286	362
286	363
286	364
287	221
287	222
287	234
287	236
287	241
287	242
287	263
287	271
287	286
287	287
287	290
287	295
287	296
287	297
287	299
287	302
287	307
287	309
287	310
287	311
287	312
287	317
287	319
287	325
287	348
287	352
287	353
287	361
287	365
288	221
288	231
288	232
288	233
288	236
288	242
288	272
288	287
288	288
288	289
288	291
288	294
288	296
288	298
288	301
288	303
288	307
288	308
288	311
288	313
288	316
288	317
288	318
288	326
288	349
288	352
288	366
289	219
289	220
289	231
289	233
289	235
289	236
289	243
289	272
289	273
289	287
289	295
289	298
289	300
289	307
289	311
289	312
289	315
289	317
289	326
289	328
289	330
289	332
289	353
289	355
289	367
290	219
290	221
290	222
290	223
290	230
290	231
290	242
290	243
290	271
290	273
290	287
290	294
290	298
290	299
290	307
290	313
290	316
290	317
290	325
290	327
290	329
290	331
290	354
290	355
291	220
291	224
291	230
291	241
291	243
291	270
291	281
291	282
291	285
291	286
291	293
291	299
291	302
291	314
291	318
291	324
291	325
291	326
291	332
291	334
291	353
292	219
292	224
292	230
292	243
292	244
292	270
292	283
292	284
292	299
292	300
292	301
292	313
292	326
292	333
292	340
292	341
293	218
293	229
293	242
293	245
293	268
293	269
293	271
293	273
293	285
293	298
293	302
293	304
293	305
293	326
293	327
293	328
293	337
293	339
294	216
294	217
294	219
294	230
294	243
294	245
294	266
294	267
294	272
294	274
294	284
294	285
294	298
294	303
294	326
294	329
294	337
294	339
295	212
295	214
295	215
295	217
295	229
295	242
295	245
295	264
295	266
295	271
295	284
295	285
295	296
295	297
295	298
295	303
295	304
295	327
295	330
295	331
295	332
295	334
295	336
295	338
295	340
295	342
296	210
296	211
296	213
296	216
296	229
296	231
296	245
296	265
296	272
296	273
296	286
296	296
296	297
296	299
296	328
296	329
296	333
296	335
296	340
296	341
296	343
296	344
297	209
297	215
297	217
297	228
297	229
297	230
297	265
297	271
297	272
297	286
297	287
297	296
297	300
297	326
297	327
297	330
297	334
297	344
297	345
297	347
297	348
298	214
298	218
298	265
298	271
298	273
298	285
298	288
298	297
298	301
298	329
298	346
299	214
299	219
299	264
299	265
299	271
299	287
299	289
299	301
299	302
299	303
299	304
299	329
299	331
299	335
299	337
299	341
299	345
300	213
300	218
300	258
300	264
300	270
300	286
300	288
300	290
300	303
300	330
300	332
300	333
300	334
300	336
300	340
300	342
300	346
301	212
301	213
301	214
301	256
301	257
301	258
301	259
301	265
301	271
301	285
301	288
301	289
301	303
301	304
301	329
301	330
301	333
301	334
301	336
301	339
301	340
301	341
302	211
302	255
302	257
302	258
302	259
302	260
302	262
302	265
302	270
302	272
302	302
302	305
302	328
302	332
302	337
302	338
302	339
302	340
303	212
303	213
303	253
303	255
303	257
303	260
303	261
303	263
303	264
303	271
303	304
303	306
303	327
303	328
303	331
303	333
303	336
303	339
303	341
304	212
304	254
304	255
304	256
304	262
304	272
304	303
304	326
304	333
304	334
304	340
304	342
304	361
305	211
305	212
305	254
305	257
305	261
305	262
305	271
305	273
305	302
305	304
305	327
305	333
305	340
305	343
305	360
305	380
305	407
306	211
306	213
306	256
306	263
306	271
306	299
306	300
306	301
306	305
306	307
306	308
306	330
306	331
306	332
306	333
306	341
306	344
306	345
306	360
306	378
306	379
306	408
306	409
307	211
307	262
307	263
307	271
307	302
307	303
307	304
307	306
307	308
307	314
307	329
307	334
307	335
307	336
307	345
307	360
307	377
307	407
308	211
308	212
308	261
308	264
308	269
308	270
308	272
308	302
308	304
308	309
308	313
308	328
308	329
308	335
308	338
308	359
308	361
308	370
308	372
308	376
308	406
308	408
309	211
309	213
309	263
309	267
309	268
309	273
309	303
309	308
309	310
309	312
309	329
309	335
309	337
309	338
309	360
309	370
309	372
309	377
309	407
310	205
310	206
310	208
310	209
310	210
310	212
310	213
310	214
310	262
310	263
310	273
310	304
310	309
310	311
310	335
310	337
310	339
310	361
310	363
310	364
310	371
310	372
310	376
310	407
311	205
311	206
311	207
311	261
311	264
311	274
311	276
311	303
311	304
311	308
311	312
311	314
311	335
311	336
311	352
311	353
311	360
311	364
311	368
311	370
311	371
311	375
311	406
311	420
311	422
312	204
312	205
312	208
312	260
312	264
312	274
312	275
312	302
312	304
312	313
312	337
312	340
312	354
312	356
312	360
312	361
312	363
312	366
312	367
312	369
312	372
312	374
312	401
312	402
312	405
312	406
312	421
313	207
313	208
313	259
313	273
313	276
313	300
313	301
313	302
313	305
313	312
313	313
313	338
313	339
313	340
313	341
313	355
313	356
313	357
313	360
313	362
313	364
313	365
313	368
313	373
313	375
313	400
313	401
313	405
313	407
313	420
313	422
314	206
314	209
314	210
314	212
314	271
314	272
314	276
314	302
314	306
314	313
314	337
314	339
314	341
314	345
314	346
314	348
314	352
314	353
314	354
314	358
314	359
314	363
314	367
314	372
314	375
314	376
314	377
314	399
314	402
314	404
314	405
314	419
315	203
315	206
315	207
315	211
315	276
315	303
315	306
315	307
315	313
315	314
315	336
315	342
315	344
315	347
315	351
315	355
315	373
315	403
315	415
315	418
316	203
316	205
316	207
316	212
316	213
316	301
316	302
316	335
316	342
316	344
316	346
316	348
316	349
316	350
316	355
316	404
316	405
316	416
316	417
317	204
317	207
317	211
317	302
317	335
317	341
317	343
317	345
317	350
317	351
317	355
317	403
317	406
317	415
318	203
318	207
318	212
318	301
318	302
318	334
318	335
318	340
318	346
318	350
318	404
318	407
318	415
318	416
319	208
319	213
319	303
319	304
319	328
319	329
319	330
319	333
319	334
319	340
319	341
319	347
319	350
319	353
319	403
319	405
319	417
319	420
319	422
319	425
320	209
320	303
320	328
320	331
320	332
320	340
320	351
320	353
320	396
320	401
320	402
320	404
320	418
320	419
320	420
320	421
320	424
321	301
321	303
321	330
321	333
321	334
321	339
321	340
321	352
321	354
321	355
321	356
321	384
321	385
321	397
321	401
321	420
321	421
321	423
321	426
321	427
321	458
322	300
322	302
322	329
322	332
322	339
322	340
322	351
322	355
322	384
322	397
322	399
322	400
322	419
322	422
322	424
322	425
322	427
322	428
322	457
323	300
323	303
323	332
323	334
323	339
323	350
323	356
323	383
323	384
323	398
323	418
323	423
323	428
323	456
324	298
324	299
324	302
324	332
324	333
324	357
324	358
324	381
324	384
324	395
324	396
324	397
324	412
324	417
324	455
325	302
325	334
325	357
325	382
325	383
325	384
325	395
325	413
325	417
325	422
325	455
326	295
326	302
326	334
326	336
326	357
326	378
326	382
326	394
326	402
326	413
326	415
326	416
326	418
326	420
326	421
326	448
326	456
327	296
327	301
327	302
327	331
327	332
327	335
327	336
327	358
327	362
327	378
327	381
327	393
327	403
327	414
327	419
327	420
327	421
327	449
327	454
327	456
327	462
328	297
328	298
328	299
328	300
328	301
328	330
328	333
328	334
328	337
328	338
328	356
328	357
328	359
328	360
328	361
328	364
328	372
328	374
328	379
328	380
328	382
328	394
328	402
328	404
328	405
328	414
328	422
328	446
328	447
328	449
328	455
328	462
329	300
329	302
329	328
329	329
329	332
329	334
329	338
329	356
329	357
329	360
329	362
329	363
329	365
329	371
329	372
329	373
329	374
329	378
329	390
329	394
329	396
329	397
329	399
329	401
329	404
329	405
329	412
329	413
329	416
329	448
329	454
329	462
329	463
330	300
330	330
330	331
330	339
330	359
330	360
330	361
330	366
330	370
330	375
330	376
330	377
330	379
330	389
330	390
330	391
330	392
330	394
330	395
330	398
330	400
330	403
330	406
330	409
330	410
330	411
330	414
330	415
330	446
330	448
330	455
330	456
330	460
330	461
331	299
331	301
331	332
331	340
331	359
331	362
331	363
331	366
331	367
331	369
331	370
331	380
331	388
331	393
331	400
331	402
331	407
331	408
331	410
331	415
331	447
331	457
331	458
331	459
331	461
331	462
332	302
332	303
332	304
332	329
332	331
332	341
332	342
332	358
332	359
332	362
332	365
332	368
332	371
332	372
332	380
332	381
332	382
332	383
332	384
332	385
332	387
332	389
332	393
332	394
332	401
332	402
332	410
332	411
332	415
332	416
332	439
332	446
332	449
332	450
332	455
332	456
332	463
332	464
332	465
333	302
333	304
333	305
333	309
333	327
333	329
333	330
333	331
333	340
333	341
333	343
333	356
333	357
333	358
333	361
333	364
333	366
333	368
333	371
333	373
333	379
333	383
333	386
333	401
333	403
333	411
333	412
333	417
333	439
333	440
333	446
333	450
333	452
333	453
333	455
333	457
333	458
333	464
334	300
334	301
334	305
334	307
334	308
334	328
334	341
334	356
334	361
334	365
334	370
334	373
334	380
334	383
334	387
334	410
334	418
334	438
334	439
334	447
334	451
334	452
334	454
334	455
335	290
335	299
335	301
335	302
335	303
335	306
335	308
335	342
335	354
335	355
335	361
335	362
335	365
335	371
335	380
335	388
335	392
335	409
335	438
335	446
335	449
335	451
336	289
336	295
336	298
336	308
336	309
336	342
336	362
336	366
336	367
336	388
336	389
336	391
336	438
336	439
336	444
336	447
336	448
336	449
336	450
336	451
337	287
337	288
337	291
337	296
337	297
337	299
337	301
337	341
337	343
337	360
337	362
337	366
337	388
337	390
337	391
337	438
337	445
337	447
338	288
338	290
338	292
338	294
338	296
338	300
338	302
338	341
338	361
338	366
338	388
338	437
338	438
338	442
338	444
338	446
338	448
338	449
339	289
339	293
339	295
339	296
339	300
339	303
339	337
339	339
339	340
339	342
339	344
339	358
339	360
339	361
339	362
339	366
339	367
339	389
339	438
339	439
339	443
339	447
339	450
340	288
340	289
340	293
340	299
340	301
340	304
340	337
340	339
340	341
340	343
340	358
340	359
340	364
340	365
340	368
340	388
340	389
340	440
340	442
340	449
341	288
341	289
341	293
341	299
341	302
341	305
341	332
341	336
341	337
341	338
341	340
341	341
341	357
341	359
341	365
341	368
341	388
341	389
341	391
341	400
341	402
341	439
341	440
341	441
341	443
341	462
342	286
342	287
342	294
342	298
342	302
342	305
342	306
342	308
342	309
342	333
342	335
342	340
342	342
342	343
342	356
342	365
342	366
342	388
342	390
342	399
342	401
342	403
342	409
342	410
342	439
342	440
342	462
342	463
343	3
343	4
343	294
343	301
343	307
343	310
343	311
343	312
343	333
343	334
343	336
343	339
343	340
343	342
343	355
343	357
343	364
343	367
343	390
343	391
343	396
343	398
343	403
343	404
343	407
343	408
343	438
343	441
343	460
343	462
343	469
344	3
344	293
344	295
344	302
344	313
344	314
344	333
344	336
344	342
344	354
344	366
344	392
344	393
344	395
344	397
344	404
344	406
344	410
344	437
344	438
344	441
344	461
344	462
344	470
344	479
345	1
345	2
345	293
345	295
345	300
345	302
345	313
345	331
345	332
345	336
345	341
345	343
345	355
345	364
345	365
345	384
345	391
345	394
345	405
345	407
345	409
345	430
345	431
345	437
345	453
345	458
345	460
345	471
345	479
345	489
346	2
346	4
346	286
346	287
346	289
346	293
346	301
346	302
346	313
346	331
346	341
346	344
346	356
346	363
346	384
346	385
346	386
346	388
346	391
346	394
346	403
346	404
346	408
346	426
346	429
346	431
346	432
346	436
346	453
346	458
346	460
346	471
346	480
346	487
346	488
347	1
347	3
347	285
347	288
347	290
347	292
347	299
347	300
347	303
347	305
347	306
347	307
347	314
347	330
347	339
347	341
347	342
347	344
347	345
347	347
347	362
347	386
347	387
347	388
347	389
347	390
347	393
347	394
347	404
347	409
347	410
347	426
347	427
347	432
347	436
347	453
347	457
347	459
347	472
347	481
347	483
347	487
348	1
348	10
348	286
348	287
348	290
348	291
348	299
348	303
348	304
348	305
348	308
348	315
348	340
348	343
348	346
348	363
348	386
348	387
348	392
348	409
348	425
348	426
348	430
348	431
348	433
348	434
348	435
348	437
348	438
348	439
348	452
348	455
348	457
348	460
348	471
348	474
348	481
348	482
348	485
348	486
348	495
349	0
349	2
349	10
349	289
349	290
349	297
349	298
349	303
349	307
349	316
349	317
349	337
349	338
349	340
349	346
349	347
349	362
349	364
349	385
349	388
349	391
349	393
349	407
349	408
349	410
349	426
349	430
349	437
349	438
349	439
349	452
349	456
349	457
349	461
349	470
349	472
349	473
349	481
349	484
349	485
349	494
349	510
350	9
350	11
350	288
350	296
350	303
350	308
350	313
350	316
350	318
350	339
350	344
350	345
350	347
350	360
350	361
350	364
350	366
350	385
350	392
350	394
350	406
350	410
350	426
350	429
350	431
350	437
350	440
350	453
350	454
350	455
350	471
350	473
350	482
350	483
350	484
350	490
350	492
350	493
350	511
351	9
351	295
351	296
351	303
351	304
351	308
351	314
351	315
351	319
351	340
351	344
351	347
351	365
351	385
351	392
351	395
351	411
351	412
351	422
351	427
351	428
351	432
351	438
351	442
351	449
351	450
351	453
351	468
351	469
351	470
351	481
351	482
351	491
351	509
351	511
352	1
352	2
352	4
352	8
352	9
352	10
352	11
352	294
352	305
352	316
352	320
352	338
352	339
352	344
352	363
352	365
352	384
352	391
352	411
352	413
352	422
352	426
352	432
352	439
352	440
352	441
352	448
352	449
352	452
352	453
352	470
352	477
352	480
352	490
352	510
353	1
353	2
353	4
353	6
353	7
353	293
353	295
353	306
353	315
353	319
353	320
353	321
353	322
353	338
353	343
353	364
353	366
353	384
353	390
353	392
353	410
353	423
353	424
353	425
353	431
353	442
353	448
353	453
353	456
353	471
353	477
353	478
353	480
353	491
353	500
353	501
353	502
353	510
353	511
354	0
354	3
354	4
354	5
354	11
354	12
354	293
354	294
354	316
354	321
354	336
354	337
354	342
354	344
354	345
354	363
354	364
354	383
354	390
354	410
354	411
354	422
354	432
354	442
354	443
354	447
354	451
354	452
354	453
354	454
354	455
354	456
354	457
354	468
354	471
354	479
354	480
354	481
354	490
354	492
354	501
354	510
355	2
355	3
355	6
355	7
355	10
355	13
355	293
355	295
355	322
355	340
355	341
355	346
355	365
355	390
355	391
355	411
355	421
355	423
355	431
355	433
355	443
355	445
355	446
355	448
355	450
355	461
355	469
355	470
355	477
355	478
355	482
355	483
355	485
355	488
355	489
355	493
355	501
355	509
356	5
356	8
356	9
356	10
356	295
356	341
356	391
356	393
356	395
356	412
356	420
356	422
356	424
356	425
356	434
356	436
356	444
356	446
356	449
356	461
356	467
356	469
356	470
356	478
356	484
356	487
356	502
356	503
356	508
357	6
357	10
357	296
357	340
357	390
357	391
357	392
357	394
357	413
357	416
357	417
357	418
357	420
357	422
357	425
357	435
357	437
357	444
357	448
357	450
357	452
357	462
357	467
357	468
357	469
357	470
357	471
357	475
357	478
357	485
357	486
357	503
357	505
357	507
358	5
358	10
358	11
358	13
358	296
358	341
358	390
358	411
358	412
358	414
358	416
358	419
358	423
358	435
358	445
358	451
358	452
358	454
358	462
358	465
358	466
358	467
358	468
358	472
358	473
358	474
358	476
358	477
358	484
358	489
358	490
358	502
358	504
358	505
358	507
358	509
359	12
359	14
359	294
359	295
359	341
359	383
359	389
359	390
359	410
359	413
359	415
359	417
359	418
359	419
359	424
359	425
359	436
359	439
359	453
359	460
359	461
359	463
359	464
359	467
359	475
359	478
359	481
359	483
359	490
359	496
359	498
359	502
359	506
359	508
359	510
359	511
360	295
360	340
360	342
360	343
360	383
360	388
360	391
360	408
360	409
360	413
360	414
360	417
360	418
360	426
360	436
360	438
360	440
360	441
360	453
360	456
360	458
360	459
360	462
360	466
360	468
360	475
360	479
360	481
360	483
360	487
360	489
360	497
360	502
360	509
360	511
361	0
361	293
361	295
361	340
361	382
361	384
361	386
361	388
361	407
361	409
361	412
361	419
361	437
361	442
361	445
361	454
361	456
361	457
361	462
361	468
361	469
361	470
361	471
361	476
361	480
361	482
361	484
361	487
361	490
361	491
361	492
361	497
361	498
361	501
361	505
361	510
361	511
362	294
362	379
362	380
362	382
362	385
362	386
362	387
362	389
362	406
362	408
362	409
362	413
362	418
362	437
362	441
362	443
362	444
362	455
362	468
362	469
362	472
362	476
362	477
362	478
362	479
362	484
362	485
362	486
362	488
362	489
362	493
362	494
362	496
362	501
362	503
362	504
362	510
362	511
363	286
363	292
363	293
363	295
363	297
363	381
363	385
363	387
363	388
363	390
363	407
363	418
363	419
363	437
363	442
363	455
363	470
363	472
363	475
363	478
363	479
363	481
363	484
363	487
363	490
363	491
363	494
363	495
363	497
363	500
363	502
363	504
363	506
363	510
364	286
364	287
364	288
364	289
364	290
364	291
364	296
364	374
364	379
364	380
364	381
364	382
364	383
364	391
364	392
364	393
364	417
364	420
364	437
364	443
364	455
364	470
364	471
364	476
364	480
364	482
364	490
364	491
364	495
364	498
364	499
364	502
364	505
364	506
365	283
365	284
365	285
365	290
365	296
365	297
365	298
365	375
365	378
365	381
365	390
365	393
365	394
365	395
365	415
365	416
365	419
365	420
365	421
365	423
365	443
365	444
365	456
365	472
365	475
365	479
365	483
365	489
365	491
365	492
365	499
365	503
365	505
366	295
366	296
366	299
366	376
366	377
366	387
366	390
366	392
366	416
366	419
366	422
366	444
366	455
366	456
366	457
366	472
366	479
366	491
366	493
366	500
367	295
367	296
367	378
367	388
367	389
367	390
367	421
367	422
367	423
367	424
367	426
367	428
367	443
367	445
367	446
367	447
367	448
367	456
367	457
367	460
367	462
367	463
367	464
367	472
367	479
367	490
367	500
368	297
368	301
368	379
368	389
368	390
368	420
368	425
368	427
368	429
368	442
368	446
368	456
368	458
368	459
368	462
368	463
368	473
368	474
368	478
368	480
368	491
368	501
369	293
369	295
369	296
369	298
369	300
369	303
369	304
369	378
369	387
369	388
369	390
369	419
369	421
369	425
369	430
369	431
369	432
369	442
369	446
369	460
369	461
369	462
369	471
369	473
369	478
369	491
369	501
369	502
369	503
369	504
369	507
369	509
370	294
370	295
370	296
370	299
370	301
370	303
370	387
370	418
370	426
370	433
370	441
370	442
370	443
370	444
370	459
370	462
370	472
370	473
370	474
370	479
370	481
370	482
370	491
370	500
370	504
370	505
370	507
370	508
370	510
370	511
371	290
371	291
371	295
371	301
371	302
371	303
371	385
371	386
371	387
371	418
371	419
371	425
371	426
371	427
371	433
371	440
371	442
371	445
371	460
371	463
371	471
371	472
371	475
371	480
371	489
371	490
371	491
371	492
371	500
371	506
371	509
371	510
372	289
372	290
372	292
372	293
372	294
372	296
372	388
372	418
372	420
372	421
372	427
372	429
372	434
372	459
372	461
372	464
372	465
372	473
372	476
372	479
372	480
372	488
372	489
372	499
372	507
373	1
373	291
373	294
373	297
373	387
373	410
373	418
373	419
373	422
373	428
373	434
373	435
373	436
373	437
373	439
373	460
373	461
373	464
373	472
373	478
373	488
373	490
373	492
373	500
373	506
373	507
374	1
374	9
374	294
374	295
374	387
374	388
374	407
374	408
374	410
374	411
374	412
374	417
374	420
374	423
374	429
374	430
374	436
374	438
374	462
374	463
374	490
374	491
374	505
374	508
375	1
375	9
375	11
375	295
375	296
375	386
375	389
375	409
375	413
375	418
375	429
375	435
375	438
375	462
375	465
375	491
375	504
375	509
376	0
376	3
376	7
376	8
376	10
376	297
376	408
376	412
376	413
376	414
376	415
376	417
376	428
376	429
376	430
376	438
376	439
376	461
376	463
376	464
376	490
376	491
376	509
376	510
377	2
377	5
377	6
377	11
377	23
377	297
377	412
377	416
377	429
377	437
377	440
377	441
377	460
377	461
377	488
377	489
377	508
377	511
378	0
378	1
378	2
378	4
378	6
378	23
378	293
378	297
378	409
378	411
378	413
378	417
378	418
378	429
378	436
378	441
378	459
378	462
378	465
378	508
379	0
379	3
379	4
379	6
379	23
379	292
379	294
379	297
379	408
379	409
379	410
379	413
379	416
379	419
379	429
379	430
379	442
379	457
379	458
379	462
379	464
379	466
379	511
380	1
380	22
380	293
380	295
380	297
380	298
380	416
380	417
380	420
380	421
380	429
380	430
380	441
380	442
380	456
380	458
380	463
380	465
380	466
380	469
380	508
380	509
380	511
381	23
381	296
381	299
381	417
381	422
381	429
381	440
381	443
381	456
381	459
381	465
381	467
381	468
381	507
381	510
382	6
382	23
382	24
382	296
382	300
382	301
382	302
382	308
382	417
382	418
382	423
382	428
382	430
382	442
382	444
382	455
382	460
382	466
382	468
382	472
382	504
382	506
382	510
382	511
383	0
383	2
383	6
383	22
383	295
383	300
383	303
383	307
383	309
383	415
383	416
383	418
383	422
383	428
383	443
383	445
383	446
383	464
383	466
383	468
383	469
383	470
383	471
383	473
383	475
383	503
383	505
384	0
384	1
384	5
384	23
384	301
384	304
384	305
384	306
384	415
384	423
384	428
384	445
384	451
384	465
384	467
384	470
384	474
384	476
384	509
384	511
385	1
385	2
385	4
385	12
385	22
385	23
385	299
385	300
385	303
385	304
385	307
385	414
385	423
385	428
385	445
385	446
385	447
385	448
385	450
385	452
385	453
385	463
385	464
385	468
385	473
385	510
386	0
386	3
386	7
386	13
386	21
386	23
386	298
386	301
386	304
386	307
386	411
386	415
386	423
386	442
386	443
386	445
386	447
386	449
386	454
386	464
386	469
386	472
386	473
386	474
386	475
386	476
386	478
386	509
387	3
387	6
387	7
387	13
387	21
387	23
387	25
387	27
387	297
387	300
387	307
387	309
387	310
387	412
387	413
387	414
387	422
387	423
387	441
387	442
387	443
387	444
387	447
387	449
387	463
387	465
387	474
387	475
387	477
387	478
387	479
387	509
388	1
388	4
388	5
388	6
388	8
388	9
388	10
388	11
388	12
388	20
388	24
388	26
388	301
388	306
388	307
388	308
388	413
388	421
388	424
388	440
388	444
388	448
388	450
388	463
388	464
388	466
388	473
388	479
388	480
389	0
389	2
389	3
389	7
389	13
389	14
389	15
389	16
389	17
389	18
389	19
389	21
389	299
389	300
389	305
389	308
389	314
389	413
389	420
389	422
389	425
389	439
389	444
389	451
389	452
389	454
389	465
389	467
389	473
389	478
389	481
389	483
390	1
390	2
390	4
390	6
390	12
390	15
390	17
390	21
390	25
390	299
390	309
390	312
390	313
390	413
390	422
390	423
390	443
390	445
390	453
390	464
390	482
390	483
390	511
391	2
391	4
391	7
391	12
391	15
391	17
391	21
391	22
391	24
391	297
391	298
391	310
391	311
391	314
391	412
391	413
391	423
391	424
391	426
391	445
391	446
391	463
391	481
391	484
392	1
392	4
392	5
392	10
392	11
392	13
392	23
392	24
392	28
392	29
392	30
392	297
392	298
392	299
392	309
392	310
392	312
392	411
392	414
392	423
392	425
392	447
392	448
392	485
393	0
393	11
393	13
393	25
393	27
393	28
393	31
393	296
393	300
393	411
393	415
393	422
393	424
393	447
393	511
394	10
394	14
394	26
394	28
394	32
394	293
394	296
394	299
394	300
394	399
394	410
394	415
394	421
394	423
394	445
394	446
394	448
395	9
395	13
395	15
395	26
395	293
395	294
395	296
395	399
395	400
395	409
395	414
395	420
395	421
395	424
395	446
395	449
396	7
396	8
396	14
396	295
396	398
396	401
396	402
396	405
396	406
396	407
396	408
396	420
396	443
396	444
396	445
396	449
396	452
397	6
397	9
397	14
397	295
397	296
397	403
397	404
397	407
397	409
397	410
397	420
397	450
397	451
397	453
397	454
398	6
398	8
398	14
398	15
398	403
398	410
398	420
398	449
398	450
398	454
398	456
399	9
399	14
399	15
399	404
399	409
399	419
399	451
399	454
399	455
399	457
399	458
400	8
400	10
400	16
400	18
400	403
400	404
400	409
400	418
400	419
400	450
400	451
400	452
400	454
400	456
400	457
400	458
401	7
401	11
401	17
401	19
401	420
401	446
401	448
401	449
401	453
401	456
401	459
401	460
402	12
402	19
402	21
402	420
402	447
402	449
402	461
403	12
403	14
403	19
403	20
403	22
403	420
403	421
403	422
403	447
403	449
403	462
404	9
404	13
404	14
404	19
404	419
404	423
404	449
404	462
405	10
405	11
405	12
405	18
405	418
405	448
405	450
405	451
406	8
406	11
406	13
406	19
406	418
406	447
406	451
407	8
407	10
407	12
407	444
407	446
407	448
407	452
408	9
408	13
408	14
408	15
408	16
408	445
408	453
409	9
409	10
409	13
409	444
409	452
409	453
410	9
410	13
410	443
410	452
411	9
411	13
411	451
412	7
412	9
412	14
412	451
413	8
413	9
413	15
413	450
414	8
414	9
414	15
414	16
414	17
415	9
415	10
415	15
416	9
416	10
417	7
417	8
418	8
0	0
0	0
0	0
0	0
0	0
0	0
0	0
0	0
0	0
0	0
0	0
0	0
0	0
0	0
0	0
0	0
0	0
0	0
0	0
0	0
0	0
0	0
0	0
0	0
0	0
0	0
0	0
0	0
0	0
0	0
0	0
0	0
0	0
0	0
0	0
0	0
0	0
0	0
0	0
0	0
0	0
0	0
0	0
0	0
0	0
0	0
0	0
0	0
0	0
0	0
0	0
0	0
0	0
0	0
0	0
0	0
0	0
0	0
0	0
0	0
0	0
0	0
0	0
0	0
0	0
0	0
0	0
0	0
0	0
0	0
0	0
0	0
0	0
0	0
0	0
0	0
0	0
0	0
0	0
0	0
0	0
0	0
0	0
0	0
0	0
0	0
0	0
0	0
0	0
0	0
0	0
0	0
0	0
0	0
0	0
0	0
0	0
0	0
0	0
0	0
0	0
0	0
0	0
0	0
0	0
0	0
0	0
0	0
0	0
0	0
0	0
0	0
0	0
0	0
0	0
0	0
0	0
0	0
0	0
0	0
0	0
0	0
0	0
0	0
0	0
0	0
0	0
0	0
0	0
0	0
0	0
0	0
0	0
0	0
0	0
0	0
0	0
0	0
0	0
0	0
0	0
0	0
0	0
0	0
0	0
0	0
0	0
0	0
0	0
0	0
0	0
0	0
0	0
0	0
0	0
0	0
0	0
0	0
0	0
0	0
0	0
0	0
0	0
0	0
0	0
0	0
0	0
0	0
0	0
0	0
0	0
0	0
0	0
0	0
0	0
0	0
0	0
0	0
0	0
0	0
0	0
0	0
0	0
0	0
0	0
0	0
0	0
0	0
0	0
0	0
0	0
0	0
0	0
0	0
0	0
0	0
0	0
0	0
0	0
0	0
0	0
0	0
0	0
0	0
0	0
0	0
0	0
0	0
0	0
0	0
0	0
0	0
0	0
0	0
0	0
0	0
0	0
0	0
0	0
0	0
0	0
0	0
0	0
0	0
0	0
0	0
0	0
0	0
0	0
0	0
0	0
0	0
0	0
0	0
0	0
0	0
0	0
0	0
0	0
0	0
0	0
0	0
0	0
0	0
0	0
0	0
0	0
0	0
0	0
0	0
0	0
0	0
0	0
0	0
0	0
0	0
0	0
0	0
0	0
0	0
0	0
0	0
0	0
0	0
0	0
0	0
0	0
0	0
0	0
0	0
0	0
0	0
0	0
0	0
0	0
0	0
0	0
0	0
0	0
0	0
0	0
0	0
0	0
0	0
0	0
0	0
0	0
0	0
0	0
0	0
0	0
0	0
0	0
0	0
0	0
0	0
0	0
0	0
0	0
0	0
0	0
0	0
0	0
0	0
0	0
0	0
0	0
0	0
0	0
0	0
0	0
0	0
0	0
0	0
0	0
0	0
0	0
0	0
0	0
0	0
0	0
0	0
0	0
0	0
0	0
0	0
0	0
0	0
0	0
0	0
0	0
0	0
0	0
0	0
0	0
0	0
0	0
0	0
0	0
0	0
0	0
0	0
0	0
0	0
0	0
0	0
0	0
0	0
0	0
0	0
0	0
0	0
0	0
0	0
0	0
0	0
0	0
0	0
0	0
0	0
0	0
0	0
0	0
0	0
0	0
0	0
0	0
0	0
0	0
0	0
0	0
0	0
0	0
0	0
0	0
0	0
0	0
0	0
0	0
0	0
0	0
0	0
0	0
0	0
0	0
0	0
0	0
0	0
0	0
0	0
0	0
0	0
0	0
0	0
0	0
0	0
0	0
0	0
0	0
0	0
0	0
0	0
0	0
0	0
0	0
0	0
0	0
0	0
0	0
0	0
0	0
0	0
0	0
0	0
0	0
0	0
0	0
0	0
0	0
0	0
0	0
0	0
0	0
0	0
0	0
0	0
0	0
0	0
0	0
0	0
0	0
0	0
0	0
0	0
0	0
0	0
0	0
0	0
0	0
0	0
0	0
0	0
0	0
0	0
0	0
0	0
0	0
0	0
0	0
0	0
0	0
0	0
0	0
0	0
0	0
0	0
0	0
0	0
0	0
0	0
0	0
0	0
0	0
0	0
0	0
0	0
0	0
0	0
0	0
0	0
0	0
0	0
0	0
0	0
0	0
0	0
0	0
0	0
0	0
0	0
0	0
0	0
0	0
0	0
0	0
0	0
0	0
0	0
0	0
0	0
0	0
0	0
0	0
0	0
0	0
0	0
0	0
0	0
0	0
0	0
0	0
0	0
0	0
0	0
0	0
0	0
0	0
0	0
0	0
0	0
0	0
0	0
0	0
0	0
0	0
0	0
0	0
0	0
0	0
0	0
0	0
0	0
0	0
0	0
0	0
0	0
0	0
0	0
0	0
0	0
0	0
0	0
0	0
0	0
0	0
0	0
0	0
0	0
0	0
0	0
0	0
0	0
0	0
0	0
0	0
0	0
0	0
0	0
0	0
0	0
0	0
0	0
0	0
0	0
0	0
0	0
0	0
0	0
0	0
0	0
0	0
0	0
0	0
0	0
0	0
0	0
0	0
0	0
0	0
0	0
0	0
0	0
0	0
0	0
0	0
0	0
0	0
0	0
0	0
0	0
0	0
0	0
0	0
0	0
0	0
0	0
0	0
0	0
0	0
0	0
0	0
0	0
0	0
0	0
0	0
0	0
0	0
0	0
0	0
0	0
0	0
0	0
0	0
0	0
0	0
0	0
0	0
0	0
0	0
0	0
0	0
0	0
0	0
0	0
0	0
0	0
0	0
0	0
0	0
0	0
0	0
0	0
0	0
0	0
0	0
0	0
0	0
0	0
0	0
0	0
0	0
0	0
0	0
0	0
0	0
0	0
0	0
0	0
0	0
0	0
0	0
0	0
0	0
0	0
0	0
0	0
0	0
0	0
0	0
0	0
0	0
0	0
0	0
0	0
0	0
0	0
0	0
0	0
0	0
0	0
0	0
0	0
0	0
0	0
0	0
0	0
0	0
0	0
0	0
0	0
0	0
0	0
0	0
0	0
0	0
0	0
0	0
0	0
0	0
0	0
0	0
0	0
0	0
0	0
0	0
0	0
0	0
0	0
0	0
0	0
0	0
0	0
0	0
0	0
0	0
0	0
0	0
0	0
0	0
0	0
0	0
0	0
0	0
0	0
0	0
0	0
0	0
0	0
0	0
0	0
0	0
0	0
0	0
0	0
0	0
0	0
0	0
0	0
0	0
0	0
0	0
0	0
0	0
0	0
0	0
0	0
0	0
0	0
0	0
0	0
0	0
0	0
0	0
0	0
0	0
0	0
0	0
0	0
0	0
0	0
0	0
0	0
0	0
0	0
0	0
0	0
0	0
0	0
0	0
0	0
0	0
0	0
0	0
0	0
0	0
0	0
0	0
0	0
0	0
0	0
0	0
0	0
0	0
0	0
0	0
0	0
0	0
0	0
0	0
0	0
0	0
0	0
0	0
0	0
0	0
0	0
0	0
0	0
0	0
0	0
0	0
0	0
0	0
0	0
0	0
0	0
0	0
0	0
0	0
0	0
0	0
0	0
0	0
0	0
0	0
0	0
0	0
0	0
0	0
0	0
0	0
0	0
0	0
0	0
0	0
0	0
0	0
0	0
0	0
0	0
0	0
0	0
0	0
0	0
0	0
0	0
0	0
0	0
0	0
0	0
0	0
0	0
0	0
0	0
0	0
0	0
0	0
0	0
0	0
0	0
0	0
0	0
0	0
0	0
0	0
0	0
0	0
0	0
0	0
0	0
0	0
0	0
0	0
0	0
0	0
0	0
0	0
0	0
0	0
0	0
0	0
0	0
0	0
0	0
0	0
0	0
0	0
0	0
0	0
0	0
0	0
0	0
0	0
0	0
0	0
0	0
0	0
0	0
0	0
0	0
0	0
0	0
0	0
0	0
0	0
0	0
0	0
0	0
0	0
0	0
0	0
0	0
0	0
0	0
0	0
0	0
0	0
0	0
0	0
0	0
0	0
0	0
0	0
0	0
0	0
0	0
0	0
0	0
0	0
0	0
0	0
0	0
0	0
0	0
0	0
0	0
0	0
0	0
0	0
0	0
0	0
0	0
0	0
0	0
0	0
0	0
0	0
0	0
0	0
0	0
0	0
0	0
0	0
0	0
0	0
0	0
0	0
0	0
0	0
0	0
0	0
0	0
0	0
0	0
0	0
0	0
0	0
0	0
0	0
0	0
0	0
0	0
0	0
0	0
0	0
0	0
0	0
0	0
0	0
0	0
0	0
0	0
0	0
0	0
0	0
0	0
0	0
0	0
0	0
0	0
0	0
0	0
0	0
0	0
0	0
0	0
0	0
0	0
0	0
0	0
0	0
0	0
0	0
0	0
0	0
0	0
0	0
0	0
0	0
0	0
0	0
0	0
0	0
0	0
0	0
0	0
0	0
0	0
0	0
0	0
0	0
0	0
0	0
0	0
0	0
0	0
0	0
0	0
0	0
0	0
0	0
0	0
0	0
0	0
0	0
0	0
0	0
0	0
0	0
0	0
0	0
0	0
0	0
0	0
0	0
0	0
0	0
0	0
0	0
0	0
0	0
0	0
0	0
0	0
0	0
0	0
0	0
0	0
0	0
0	0
0	0
0	0
0	0
0	0
0	0
0	0
0	0
0	0
0	0
0	0
0	0
0	0
0	0
0	0
0	0
0	0
0	0
0	0
0	0
0	0
0	0
0	0
0	0
0	0
0	0
0	0
0	0
0	0
0	0
0	0
0	0
0	0
0	0
0	0
0	0
0	0
0	0
0	0
0	0
0	0
0	0
0	0
0	0
0	0
0	0
0	0
0	0
0	0
0	0
0	0
0	0
0	0
0	0
0	0
0	0
0	0
0	0
0	0
0	0
0	0
0	0
0	0
0	0
0	0
0	0
0	0
0	0
0	0
0	0
0	0
0	0
0	0
0	0
0	0
0	0
0	0
0	0
0	0
0	0
0	0
0	0
0	0
0	0
0	0
0	0
0	0
0	0
0	0
0	0
0	0
0	0
0	0
0	0
0	0
0	0
0	0
0	0
0	0
0	0
0	0
0	0
0	0
0	0
0	0
0	0
0	0
0	0
0	0
0	0
0	0
0	0
0	0
0	0
0	0
0	0
0	0
0	0
0	0
0	0
0	0
0	0
0	0
0	0
0	0
0	0
0	0
0	0
0	0
0	0
0	0
0	0
0	0
0	0
0	0
0	0
0	0
0	0
0	0
0	0
0	0
0	0
0	0
0	0
0	0
0	0
0	0
0	0
0	0
0	0
0	0
0	0
0	0
0	0
0	0
0	0
0	0
0	0
0	0
0	0
0	0
0	0
0	0
0	0
0	0
0	0
0	0
0	0
0	0
0	0
0	0
0	0
0	0
0	0
0	0
0	0
0	0
0	0
0	0
0	0
0	0
0	0
0	0
0	0
0	0
0	0
0	0
0	0
0	0
0	0
0	0
0	0
0	0
0	0
0	0
0	0
0	0
0	0
0	0
0	0
0	0
0	0
0	0
0	0
0	0
0	0
0	0
0	0
0	0
0	0
0	0
0	0
0	0
0	0
0	0
0	0
0	0
0	0
0	0
0	0
0	0
0	0
0	0
0	0
0	0
0	0
0	0
0	0
0	0
0	0
0	0
0	0
0	0
0	0
0	0
0	0
0	0
0	0
0	0
0	0
0	0
0	0
0	0
0	0
0	0
0	0
0	0
0	0
0	0
0	0
0	0
0	0
0	0
0	0
0	0
0	0
0	0
0	0
0	0
0	0
0	0
0	0
0	0
0	0
0	0
0	0
0	0
0	0
0	0
0	0
0	0
0	0
0	0
0	0
0	0
0	0
0	0
0	0
0	0
0	0
0	0
0	0
0	0
0	0
0	0
0	0
0	0
0	0
0	0
0	0
0	0
0	0
0	0
0	0
0	0
0	0
0	0
0	0
0	0
0	0
0	0
0	0
0	0
0	0
0	0
0	0
0	0
0	0
0	0
0	0
0	0
0	0
0	0
0	0
0	0
0	0
0	0
0	0
0	0
0	0
0	0
0	0
0	0
0	0
0	0
0	0
0	0
0	0
0	0
0	0
0	0
0	0
0	0
0	0
0	0
0	0
0	0
0	0
0	0
0	0
0	0
0	0
0	0
0	0
0	0
0	0
0	0
0	0
0	0
0	0
0	0
0	0
0	0
0	0
0	0
0	0
0	0
0	0
0	0
0	0
0	0
0	0
0	0
0	0
0	0
0	0
0	0
0	0
0	0
0	0
0	0
0	0
0	0
0	0
0	0
0	0
0	0
0	0
0	0
0	0
0	0
0	0
0	0
0	0
0	0
0	0
0	0
0	0
0	0
0	0
0	0
0	0
0	0
0	0
0	0
0	0
0	0
0	0
0	0
0	0
0	0
0	0
0	0
0	0
0	0
0	0
0	0
0	0
0	0
0	0
0	0
0	0
0	0
0	0
0	0
0	0
0	0
0	0
0	0
0	0
0	0
0	0
0	0
0	0
0	0
0	0
0	0
0	0
0	0
0	0
0	0
0	0
0	0
0	0
0	0
0	0
0	0
0	0
0	0
0	0
0	0
0	0
0	0
0	0
0	0
0	0
0	0
0	0
0	0
0	0
0	0
0	0
0	0
0	0
0	0
0	0
0	0
0	0
0	0
0	0
0	0
0	0
0	0
0	0
0	0
0	0
0	0
0	0
0	0
0	0
0	0
0	0
0	0
0	0
0	0
0	0
0	0
0	0
0	0
0	0
0	0
0	0
0	0
0	0
0	0
0	0
0	0
0	0
0	0
0	0
0	0
0	0
0	0
0	0
0	0
0	0
0	0
0	0
0	0
0	0
0	0
0	0
0	0
0	0
0	0
0	0
0	0
0	0
0	0
0	0
0	0
0	0
0	0
0	0
0	0
0	0
0	0
0	0
0	0
0	0
0	0
0	0
0	0
0	0
0	0
0	0
0	0
0	0
0	0
0	0
0	0
0	0
0	0
0	0
0	0
0	0
0	0
0	0
0	0
0	0
0	0
0	0
0	0
0	0
0	0
0	0
0	0
0	0
0	0
0	0
0	0
0	0
0	0
0	0
0	0
0	0
0	0
0	0
0	0
0	0
0	0
0	0
0	0
0	0
0	0
0	0
0	0
0	0
0	0
0	0
0	0
0	0
0	0
0	0
0	0
0	0
0	0
0	0
0	0
0	0
0	0
0	0
0	0
0	0
0	0
0	0
0	0
0	0
0	0
0	0
0	0
0	0
0	0
0	0
0	0
0	0
0	0
0	0
0	0
0	0
0	0
0	0
0	0
0	0
0	0
0	0
0	0
0	0
0	0
0	0
0	0
0	0
0	0
0	0
0	0
0	0
0	0
0	0
0	0
0	0
0	0
0	0
0	0
0	0
0	0
0	0
0	0
0	0
0	0
0	0
0	0
0	0
0	0
0	0
0	0
0	0
0	0
0	0
0	0
0	0
0	0
0	0
0	0
0	0
0	0
0	0
0	0
0	0
0	0
0	0
0	0
0	0
0	0
0	0
0	0
0	0
0	0
0	0
0	0
0	0
0	0
0	0
0	0
0	0
0	0
0	0
0	0
0	0
0	0
0	0
0	0
0	0
0	0
0	0
0	0
0	0
0	0
0	0
0	0
0	0
0	0
0	0
0	0
0	0
0	0
0	0
0	0
0	0
0	0
0	0
0	0
0	0
0	0
0	0
0	0
0	0
0	0
0	0
0	0
0	0
0	0
0	0
0	0
0	0
0	0
0	0
0	0
0	0
0	0
0	0
0	0
0	0
0	0
0	0
0	0
0	0
0	0
0	0
0	0
0	0
0	0
0	0
0	0
0	0
0	0
0	0
0	0
0	0
0	0
0	0
0	0
0	0
0	0
0	0
0	0
0	0
0	0
0	0
0	0
0	0
0	0
0	0
0	0
0	0
0	0
0	0
0	0
0	0
0	0
0	0
0	0
0	0
0	0
0	0
0	0
0	0
0	0
0	0
0	0
0	0
0	0
0	0
0	0
0	0
0	0
0	0
0	0
0	0
0	0
0	0
0	0
0	0
0	0
0	0
0	0
0	0
0	0
0	0
0	0
0	0
0	0
0	0
0	0
0	0
0	0
0	0
0	0
0	0
0	0
0	0
0	0
0	0
0	0
0	0
0	0
0	0
0	0
0	0
0	0
0	0
0	0
0	0
0	0
0	0
0	0
0	0
0	0
0	0
0	0
0	0
0	0
0	0
0	0
0	0
0	0
0	0
0	0
0	0
0	0
0	0
0	0
0	0
0	0
0	0
0	0
0	0
0	0
0	0
0	0
0	0
0	0
0	0
0	0
0	0
0	0
0	0
0	0
0	0
0	0
0	0
0	0
0	0
0	0
0	0
0	0
0	0
0	0
0	0
0	0
0	0
0	0
0	0
0	0
0	0
0	0
0	0
0	0
0	0
0	0
0	0
0	0
0	0
0	0
0	0
0	0
0	0
0	0
0	0
0	0
0	0
0	0
0	0
0	0
0	0
0	0
0	0
0	0
0	0
0	0
0	0
0	0
0	0
0	0
0	0
0	0
0	0
0	0
0	0
0	0
0	0
0	0
0	0
0	0
0	0
0	0
0	0
0	0
0	0
0	0
0	0
0	0
0	0
0	0
0	0
0	0
0	0
0	0
0	0
0	0
0	0
0	0
0	0
0	0
0	0
0	0
0	0
0	0
0	0
0	0
0	0
0	0
0	0
0	0
0	0
0	0
0	0
0	0
0	0
0	0
0	0
0	0
0	0
0	0
0	0
0	0
0	0
0	0
0	0
0	0
0	0
0	0
0	0
0	0
0	0
0	0
0	0
0	0
0	0
0	0
0	0
0	0
0	0
0	0
0	0
0	0
0	0
0	0
0	0
0	0
0	0
0	0
0	0
0	0
0	0
0	0
0	0
0	0
0	0
0	0
0	0
0	0
0	0
0	0
0	0
0	0
0	0
0	0
0	0
0	0
0	0
0	0
0	0
0	0
0	0
0	0
0	0
0	0
0	0
0	0
0	0
0	0
0	0
0	0
0	0
0	0
0	0
0	0
0	0
0	0
0	0
0	0
0	0
0	0
0	0
0	0
0	0
0	0
0	0
0	0
0	0
0	0
0	0
0	0
0	0
0	0
0	0
0	0
0	0
0	0
0	0
0	0
0	0
0	0
0	0
0	0
0	0
0	0
0	0
0	0
0	0
0	0
0	0
0	0
0	0
0	0
0	0
0	0
0	0
0	0
0	0
0	0
0	0
0	0
0	0
0	0
0	0
0	0
0	0
0	0
0	0
0	0
0	0
0	0
0	0
0	0
0	0
0	0
0	0
0	0
0	0
0	0
0	0
0	0
0	0
0	0
0	0
0	0
0	0
0	0
0	0
0	0
0	0
0	0
0	0
0	0
0	0
0	0
0	0
0	0
0	0
0	0
0	0
0	0
0	0
0	0
0	0
0	0
0	0
0	0
0	0
0	0
0	0
0	0
0	0
0	0
0	0
0	0
0	0
0	0
0	0
0	0
0	0
0	0
0	0
0	0
0	0
0	0
0	0
0	0
0	0
0	0
0	0
0	0
0	0
0	0
0	0
0	0
0	0
0	0
0	0
0	0
0	0
0	0
0	0
0	0
0	0
0	0
0	0
0	0
0	0
0	0
0	0
0	0
0	0
0	0
0	0
0	0
0	0
0	0
0	0
0	0
0	0
0	0
0	0
0	0
0	0
0	0
0	0
0	0
0	0
0	0
0	0
0	0
0	0
0	0
0	0
0	0
0	0
0	0
0	0
0	0
0	0
0	0
0	0
0	0
0	0
0	0
0	0
0	0
0	0
0	0
0	0
0	0
0	0
0	0
0	0
0	0
0	0
0	0
0	0
0	0
0	0
0	0
0	0
0	0
0	0
0	0
0	0
0	0
0	0
0	0
0	0
0	0
0	0
0	0
0	0
0	0
0	0
0	0
0	0
0	0
0	0
0	0
0	0
0	0
0	0
0	0
0	0
0	0
0	0
0	0
0	0
0	0
0	0
0	0
0	0
0	0
0	0
0	0
0	0
0	0
0	0
0	0
0	0
0	0
0	0
0	0
0	0
0	0
0	0
0	0
0	0
0	0
0	0
0	0
0	0
0	0
0	0
0	0
0	0
0	0
0	0
0	0
0	0
0	0
0	0
0	0
0	0
0	0
0	0
0	0
0	0
0	0
0	0
0	0
0	0
0	0
0	0
0	0
0	0
0	0
0	0
0	0
0	0
0	0
0	0
0	0
0	0
0	0
0	0
0	0
0	0
0	0
0	0
0	0
0	0
0	0
0	0
0	0
0	0
0	0
0	0
0	0
0	0
0	0
0	0
0	0
0	0
0	0
0	0
0	0
0	0
0	0
0	0
0	0
0	0
0	0
0	0
0	0
0	0
0	0
0	0
0	0
0	0
0	0
0	0
0	0
0	0
0	0
0	0
0	0
0	0
0	0
0	0
0	0
0	0
0	0
0	0
0	0
0	0
0	0
0	0
0	0
0	0
0	0
0	0
0	0
0	0
0	0
0	0
0	0
0	0
0	0
0	0
0	0
0	0
0	0
0	0
0	0
0	0
0	0
0	0
0	0
0	0
0	0
0	0
0	0
0	0
0	0
0	0
0	0
0	0
0	0
0	0
0	0
0	0
0	0
0	0
0	0
0	0
0	0
0	0
0	0
0	0
0	0
0	0
0	0
0	0
0	0
0	0
0	0
0	0
0	0
0	0
0	0
0	0
0	0
0	0
0	0
0	0
0	0
0	0
0	0
0	0
0	0
0	0
0	0
0	0
0	0
0	0
0	0
0	0
0	0
0	0
0	0
0	0
0	0
0	0
0	0
0	0
0	0
0	0
0	0
0	0
0	0
0	0
0	0
0	0
0	0
0	0
0	0
0	0
0	0
0	0
0	0
0	0
0	0
0	0
0	0
0	0
0	0
0	0
0	0
0	0
0	0
0	0
0	0
0	0
0	0
0	0
0	0
0	0
0	0
0	0
0	0
0	0
0	0
0	0
0	0
0	0
0	0
0	0
0	0
0	0
0	0
0	0
0	0
0	0
0	0
0	0
0	0
0	0
0	0
0	0
0	0
0	0
0	0
0	0
0	0
0	0
0	0
0	0
0	0
0	0
0	0
0	0
0	0
0	0
0	0
0	0
0	0
0	0
0	0
0	0
0	0
0	0
0	0
0	0
0	0
0	0
0	0
0	0
0	0
0	0
0	0
0	0
0	0
0	0
0	0
0	0
0	0
0	0
0	0
0	0
0	0
0	0
0	0
0	0
0	0
0	0
0	0
0	0
0	0
0	0
0	0
0	0
0	0
0	0
0	0
0	0
0	0
0	0
0	0
0	0
0	0
0	0
0	0
0	0
0	0
0	0
0	0
0	0
0	0
0	0
0	0
0	0
0	0
0	0
0	0
0	0
0	0
0	0
0	0
0	0
0	0
0	0
0	0
0	0
0	0
0	0
0	0
0	0
0	0
0	0
0	0
0	0
0	0
0	0
0	0
0	0
0	0
0	0
0	0
0	0
0	0
0	0
0	0
0	0
0	0
0	0
0	0
0	0
0	0
0	0
0	0
0	0
0	0
0	0
0	0
0	0
0	0
0	0
0	0
0	0
0	0
0	0
0	0
0	0
0	0
0	0
0	0
0	0
0	0
0	0
0	0
0	0
0	0
0	0
0	0
0	0
0	0
0	0
0	0
0	0
0	0
0	0
0	0
0	0
0	0
0	0
0	0
0	0
0	0
0	0
0	0
0	0
0	0
0	0
0	0
0	0
0	0
0	0
0	0
0	0
0	0
0	0
0	0
0	0
0	0
0	0
0	0
0	0
0	0
0	0
0	0
0	0
0	0
0	0
0	0
0	0
0	0
0	0
0	0
0	0
0	0
0	0
0	0
0	0
0	0
0	0
0	0
0	0
0	0
0	0
0	0
0	0
0	0
0	0
0	0
0	0
0	0
0	0
0	0
0	0
0	0
0	0
0	0
0	0
0	0
0	0
0	0
0	0
0	0
0	0
0	0
0	0
0	0
0	0
0	0
0	0
0	0
0	0
0	0
0	0
0	0
0	0
0	0
0	0
0	0
0	0
0	0
0	0
0	0
0	0
0	0
0	0
0	0
0	0
0	0
0	0
0	0
0	0
0	0
0	0
0	0
0	0
0	0
0	0
0	0
0	0
0	0
0	0
0	0
0	0
0	0
0	0
0	0
0	0
0	0
0	0
0	0
0	0
0	0
0	0
0	0
0	0
0	0
0	0
0	0
0	0
0	0
0	0
0	0
0	0
0	0
0	0
0	0
0	0
0	0
0	0
0	0
0	0
0	0
0	0
0	0
0	0
0	0
0	0
0	0
0	0
0	0
0	0
0	0
0	0
0	0
0	0
0	0
0	0
0	0
0	0
0	0
0	0
0	0
0	0
0	0
0	0
0	0
0	0
0	0
0	0
0	0
0	0
0	0
0	0
0	0
0	0
0	0
0	0
0	0
0	0
0	0
0	0
0	0
0	0
0	0
0	0
0	0
0	0
0	0
0	0
0	0
0	0
0	0
0	0
0	0
0	0
0	0
0	0
0	0
0	0
0	0
0	0
0	0
0	0
0	0
0	0
0	0
0	0
0	0
0	0
0	0
0	0
0	0
0	0
0	0
0	0
0	0
0	0
0	0
0	0
0	0
0	0
0	0
0	0
0	0
0	0
0	0
0	0
0	0
0	0
0	0
0	0
0	0
0	0
0	0
0	0
0	0
0	0
0	0
0	0
0	0
0	0
0	0
0	0
0	0
0	0
0	0
0	0
0	0
0	0
0	0
0	0
0	0
0	0
0	0
0	0
0	0
0	0
0	0
0	0
0	0
0	0
0	0
0	0
0	0
0	0
0	0
0	0
0	0
0	0
0	0
0	0
0	0
0	0
0	0
0	0
0	0
0	0
0	0
0	0
0	0
0	0
0	0
0	0
0	0
0	0
0	0
0	0
0	0
0	0
0	0
0	0
0	0
0	0
0	0
0	0
0	0
0	0
0	0
0	0
0	0
0	0
0	0
0	0
0	0
0	0
0	0
0	0
0	0
0	0
0	0
0	0
0	0
0	0
0	0
0	0
0	0
0	0
0	0
0	0
0	0
0	0
0	0
0	0
0	0
0	0
0	0
0	0
0	0
0	0
0	0
0	0
0	0
0	0
0	0
0	0
0	0
0	0
0	0
0	0
0	0
0	0
0	0
0	0
0	0
0	0
0	0
0	0
0	0
0	0
0	0
0	0
0	0
0	0
0	0
0	0
0	0
0	0
0	0
0	0
0	0
0	0
0	0
0	0
0	0
0	0
0	0
0	0
0	0
0	0
0	0
0	0
0	0
0	0
0	0
0	0
0	0
0	0
0	0
0	0
0	0
0	0
0	0
0	0
0	0
0	0
0	0
0	0
0	0
0	0
0	0
0	0
0	0
0	0
0	0
0	0
0	0
0	0
0	0
0	0
0	0
0	0
0	0
0	0
0	0
0	0
0	0
0	0
0	0
0	0
0	0
0	0
0	0
0	0
0	0
0	0
0	0
0	0
0	0
0	0
0	0
0	0
0	0
0	0
0	0
0	0
0	0
0	0
0	0
0	0
0	0
0	0
0	0
0	0
0	0
0	0
0	0
0	0
0	0
0	0
0	0
0	0
0	0
0	0
0	0
0	0
0	0
0	0
0	0
0	0
0	0
0	0
0	0
0	0
0	0
0	0
0	0
0	0
0	0
0	0
0	0
0	0
0	0
0	0
0	0
0	0
0	0
0	0
0	0
0	0
0	0
0	0
0	0
0	0
0	0
0	0
0	0
0	0
0	0
0	0
0	0
0	0
0	0
0	0
0	0
0	0
0	0
0	0
0	0
0	0
0	0
0	0
0	0
0	0
0	0
0	0
0	0
0	0
0	0
0	0
0	0
0	0
0	0
0	0
0	0
0	0
0	0
0	0
0	0
0	0
0	0
0	0
0	0
0	0
0	0
0	0
0	0
0	0
0	0
0	0
0	0
0	0
0	0
0	0
0	0
0	0
0	0
0	0
0	0
0	0
0	0
0	0
0	0
0	0
0	0
0	0
0	0
0	0
0	0
0	0
0	0
0	0
0	0
0	0
0	0
0	0
0	0
0	0
0	0
0	0
0	0
0	0
0	0
0	0
0	0
0	0
0	0
0	0
0	0
0	0
0	0
0	0
0	0
0	0
0	0
0	0
0	0
0	0
0	0
0	0
0	0
0	0
0	0
0	0
0	0
0	0
0	0
0	0
0	0
0	0
0	0
0	0
0	0
0	0
0	0
0	0
0	0
0	0
0	0
0	0
0	0
0	0
0	0
0	0
0	0
0	0
0	0
0	0
0	0
0	0
0	0
0	0
0	0
0	0
0	0
0	0
0	0
0	0
0	0
0	0
0	0
0	0
0	0
0	0
0	0
0	0
0	0
0	0
0	0
0	0
0	0
0	0
0	0
0	0
0	0
0	0
0	0
0	0
0	0
0	0
0	0
0	0
0	0
0	0
0	0
0	0
0	0
0	0
0	0
0	0
0	0
0	0
0	0
0	0
0	0
0	0
0	0
0	0
0	0
0	0
0	0
0	0
0	0
0	0
0	0
0	0
0	0
0	0
0	0
0	0
0	0
0	0
0	0
0	0
0	0
0	0
0	0
0	0
0	0
0	0
0	0
0	0
0	0
0	0
0	0
0	0
0	0
0	0
0	0
0	0
0	0
0	0
0	0
0	0
0	0
0	0
0	0
0	0
0	0
0	0
0	0
0	0
0	0
0	0
0	0
0	0
0	0
0	0
0	0
0	0
0	0
0	0
0	0
0	0
0	0
0	0
0	0
0	0
0	0
0	0
0	0
0	0
0	0
0	0
0	0
0	0
0	0
0	0
0	0
0	0
0	0
0	0
0	0
0	0
0	0
0	0
0	0
0	0
0	0
0	0
0	0
0	0
0	0
0	0
0	0
0	0
0	0
0	0
0	0
0	0
0	0
0	0
0	0
0	0
0	0
0	0
0	0
0	0
0	0
0	0
0	0
0	0
0	0
0	0
0	0
0	0
0	0
0	0
0	0
0	0
0	0
0	0
0	0
0	0
0	0
0	0
0	0
0	0
0	0
0	0
0	0
0	0
0	0
0	0
0	0
0	0
0	0
0	0
0	0
0	0
0	0
0	0
0	0
0	0
0	0
0	0
0	0
0	0
0	0
0	0
0	0
0	0
0	0
0	0
0	0
0	0
0	0
0	0
0	0
0	0
0	0
0	0
0	0
0	0
0	0
0	0
0	0
0	0
0	0
0	0
0	0
0	0
0	0
0	0
0	0
0	0
0	0
0	0
0	0
0	0
0	0
0	0
0	0
0	0
0	0
0	0
0	0
0	0
0	0
0	0
0	0
0	0
0	0
0	0
0	0
0	0
0	0
0	0
0	0
0	0
0	0
0	0
0	0
0	0
0	0
0	0
0	0
0	0
0	0
0	0
0	0
0	0
0	0
0	0
0	0
0	0
0	0
0	0
0	0
0	0
0	0
0	0
0	0
0	0
0	0
0	0
0	0
0	0
0	0
0	0
0	0
0	0
0	0
0	0
0	0
0	0
0	0
0	0
0	0
0	0
0	0
0	0
0	0
0	0
0	0
0	0
0	0
0	0
0	0
0	0
0	0
0	0
0	0
0	0
0	0
0	0
0	0
0	0
0	0
0	0
0	0
0	0
0	0
0	0
0	0
0	0
0	0
0	0
0	0
0	0
0	0
0	0
0	0
0	0
0	0
0	0
0	0
0	0
0	0
0	0
0	0
0	0
0	0
0	0
0	0
0	0
0	0
0	0
0	0
0	0
0	0
0	0
0	0
0	0
0	0
0	0
0	0
0	0
0	0
0	0
0	0
0	0
0	0
0	0
0	0
0	0
0	0
0	0
0	0
0	0
0	0
0	0
0	0
0	0
0	0
0	0
0	0
0	0
0	0
0	0
0	0
0	0
0	0
0	0
0	0
0	0
0	0
0	0
0	0
0	0
0	0
0	0
0	0
0	0
0	0
0	0
0	0
0	0
0	0
0	0
0	0
0	0
0	0
0	0
0	0
0	0
0	0
0	0
0	0
0	0
0	0
0	0
0	0
0	0
0	0
0	0
0	0
0	0
0	0
0	0
0	0
0	0
0	0
0	0
0	0
0	0
0	0
0	0
0	0
0	0
0	0
0	0
0	0
0	0
0	0
0	0
0	0
0	0
0	0
0	0
0	0
0	0
0	0
0	0
0	0
0	0
0	0
0	0
0	0
0	0
0	0
0	0
0	0
0	0
0	0
0	0
0	0
0	0
0	0
0	0
0	0
0	0
0	0
0	0
0	0
0	0
0	0
0	0
0	0
0	0
0	0
0	0
0	0
0	0
0	0
0	0
0	0
0	0
0	0
0	0
0	0
0	0
0	0
0	0
0	0
0	0
0	0
0	0
0	0
0	0
0	0
0	0
0	0
0	0
0	0
0	0
0	0
0	0
0	0
0	0
0	0
0	0
0	0
0	0
0	0
0	0
0	0
0	0
0	0
0	0
0	0
0	0
0	0
0	0
0	0
0	0
0	0
0	0
0	0
0	0
0	0
0	0
0	0
0	0
0	0
0	0
0	0
0	0
0	0
0	0
0	0
0	0
0	0
0	0
0	0
0	0
0	0
0	0
0	0
0	0
0	0
0	0
0	0
0	0
0	0
0	0
0	0
0	0
0	0
0	0
0	0
0	0
0	0
0	0
0	0
0	0
0	0
0	0
0	0
0	0
0	0
0	0
0	0
0	0
0	0
0	0
0	0
0	0
0	0
0	0
0	0
0	0
0	0
0	0
0	0
0	0
0	0
0	0
0	0
0	0
0	0
0	0
0	0
0	0
0	0
0	0
0	0
0	0
0	0
0	0
0	0
0	0
0	0
0	0
0	0
0	0
0	0
0	0
0	0
0	0
0	0
0	0
0	0
0	0
0	0
0	0
0	0
0	0
0	0
0	0
0	0
0	0
0	0
0	0
0	0
0	0
0	0
0	0
0	0
0	0
0	0
0	0
0	0
0	0
0	0
0	0
0	0
0	0
0	0
0	0
0	0
0	0
0	0
0	0
0	0
0	0
0	0
0	0
0	0
0	0
0	0
0	0
0	0
0	0
0	0
0	0
0	0
0	0
0	0
0	0
0	0
0	0
0	0
0	0
0	0
0	0
0	0
0	0
0	0
0	0
0	0
0	0
0	0
0	0
0	0
0	0
0	0
0	0
0	0
0	0
0	0
0	0
0	0
0	0
0	0
0	0
0	0
0	0
0	0
0	0
0	0
0	0
0	0
0	0
0	0
0	0
0	0
0	0
0	0
0	0
0	0
0	0
0	0
0	0
0	0
0	0
0	0
0	0
0	0
0	0
0	0
0	0
0	0
0	0
0	0
0	0
0	0
0	0
0	0
0	0
0	0
0	0
0	0
0	0
0	0
0	0
0	0
0	0
0	0
0	0
0	0
0	0
0	0
0	0
0	0
0	0
0	0
0	0
0	0
0	0
0	0
0	0
0	0
0	0
0	0
0	0
0	0
0	0
0	0
0	0
0	0
0	0
0	0
0	0
0	0
0	0
0	0
0	0
0	0
0	0
0	0
0	0
0	0
0	0
0	0
0	0
0	0
0	0
0	0
0	0
0	0
0	0
0	0
0	0
0	0
0	0
0	0
0	0
0	0
0	0
0	0
0	0
0	0
0	0
0	0
0	0
0	0
0	0
0	0
0	0
0	0
0	0
0	0
0	0
0	0
0	0
0	0
0	0
0	0
0	0
0	0
0	0
0	0
0	0
0	0
0	0
0	0
0	0
0	0
0	0
0	0
0	0
0	0
0	0
0	0
0	0
0	0
0	0
0	0
0	0
0	0
0	0
0	0
0	0
0	0
0	0
0	0
0	0
0	0
0	0
0	0
0	0
0	0
0	0
0	0
0	0
0	0
0	0
0	0
0	0
0	0
0	0
0	0
0	0
0	0
0	0
0	0
0	0
0	0
0	0
0	0
0	0
0	0
0	0
0	0
0	0
0	0
0	0
0	0
0	0
0	0
0	0
0	0
0	0
0	0
0	0
0	0
0	0
0	0
0	0
0	0
0	0
0	0
0	0
0	0
0	0
0	0
0	0
0	0
0	0
0	0
0	0
0	0
0	0
0	0
0	0
0	0
0	0
0	0
0	0
0	0
0	0
0	0
0	0
0	0
0	0
0	0
0	0
0	0
0	0
0	0
0	0
0	0
0	0
0	0
0	0
0	0
0	0
0	0
0	0
0	0
0	0
0	0
0	0
0	0
0	0
0	0
0	0
0	0
0	0
0	0
0	0
0	0
0	0
0	0
0	0
0	0
0	0
0	0
0	0
0	0
0	0
0	0
0	0
0	0
0	0
0	0
0	0
0	0
0	0
0	0
0	0
0	0
0	0
0	0
0	0
0	0
0	0
0	0
0	0
0	0
0	0
0	0
0	0
0	0
0	0
0	0
0	0
0	0
0	0
0	0
0	0
0	0
0	0
0	0
0	0
0	0
0	0
0	0
0	0
0	0
0	0
0	0
0	0
0	0
0	0
0	0
0	0
0	0
0	0
0	0
0	0
0	0
0	0
0	0
0	0
0	0
0	0
0	0
0	0
0	0
0	0
0	0
0	0
0	0
0	0
0	0
0	0
0	0
0	0
0	0
0	0
0	0
0	0
0	0
0	0
0	0
0	0
0	0
0	0
0	0
0	0
0	0
0	0
0	0
0	0
0	0
0	0
0	0
0	0
0	0
0	0
0	0
0	0
0	0
0	0
0	0
0	0
0	0
0	0
0	0
0	0
0	0
0	0
0	0
0	0
0	0
0	0
0	0
0	0
0	0
0	0
0	0
0	0
0	0
0	0
0	0
0	0
0	0
0	0
0	0
0	0
0	0
0	0
0	0
0	0
0	0
0	0
0	0
0	0
0	0
0	0
0	0
0	0
0	0
0	0
0	0
0	0
0	0
0	0
0	0
0	0
0	0
0	0
0	0
0	0
0	0
0	0
0	0
0	0
0	0
0	0
0	0
0	0
0	0
0	0
0	0
0	0
0	0
0	0
0	0
0	0
0	0
0	0
0	0
0	0
0	0
0	0
0	0
0	0
0	0
0	0
0	0
0	0
0	0
0	0
0	0
0	0
0	0
0	0
0	0
0	0
0	0
0	0
0	0
0	0
0	0
0	0
0	0
0	0
0	0
0	0
0	0
0	0
0	0
0	0
0	0
0	0
0	0
0	0
0	0
0	0
0	0
0	0
0	0
0	0
0	0
0	0
0	0
0	0
0	0
0	0
0	0
0	0
0	0
0	0
0	0
0	0
0	0
0	0
0	0
0	0
0	0
0	0
0	0
0	0
0	0
0	0
0	0
0	0
0	0
0	0
0	0
0	0
0	0
0	0
0	0
0	0
0	0
0	0
0	0
0	0
0	0
0	0
0	0
0	0
0	0
0	0
0	0
0	0
0	0
0	0
0	0
0	0
0	0
0	0
0	0
0	0
0	0
0	0
0	0
0	0
0	0
0	0
0	0
0	0
0	0
0	0
0	0
0	0
0	0
0	0
0	0
0	0
0	0
0	0
0	0
0	0
0	0
0	0
0	0
0	0
0	0
0	0
0	0
0	0
0	0
0	0
0	0
0	0
0	0
0	0
0	0
0	0
0	0
0	0
0	0
0	0
0	0
0	0
0	0
0	0
0	0
0	0
0	0
0	0
0	0
0	0
0	0
0	0
0	0
0	0
0	0
0	0
0	0
0	0
0	0
0	0
0	0
0	0
0	0
0	0
0	0
0	0
0	0
0	0
0	0
0	0
0	0
0	0
0	0
0	0
0	0
0	0
0	0
0	0
0	0
0	0
0	0
0	0
0	0
0	0
0	0
0	0
0	0
0	0
0	0
0	0
0	0
0	0
0	0
0	0
0	0
0	0
0	0
0	0
0	0
0	0
0	0
0	0
0	0
0	0
0	0
0	0
0	0
0	0
0	0
0	0
0	0
0	0
0	0
0	0
0	0
0	0
0	0
0	0
0	0
0	0
0	0
0	0
0	0
0	0
0	0
0	0
0	0
0	0
0	0
0	0
0	0
0	0
0	0
0	0
0	0
0	0
0	0
0	0
0	0
0	0
0	0
0	0
0	0
0	0
0	0
0	0
0	0
0	0
0	0
0	0
0	0
0	0
0	0
0	0
0	0
0	0
0	0
0	0
0	0
0	0
0	0
0	0
0	0
0	0
0	0
0	0
0	0
0	0
0	0
0	0
0	0
0	0
0	0
0	0
0	0
0	0
0	0
0	0
0	0
0	0
0	0
0	0
0	0
0	0
0	0
0	0
0	0
0	0
0	0
0	0
0	0
0	0
0	0
0	0
0	0
0	0
0	0
0	0
0	0
0	0
0	0
0	0
0	0
0	0
0	0
0	0
0	0
0	0
0	0
0	0
0	0
0	0
0	0
0	0
0	0
0	0
0	0
0	0
0	0
0	0
0	0
0	0
0	0
0	0
0	0
0	0
0	0
0	0
0	0
0	0
0	0
0	0
0	0
0	0
0	0
0	0
0	0
0	0
0	0
0	0
0	0
0	0
0	0
0	0
0	0
0	0
0	0
0	0
0	0
0	0
0	0
0	0
0	0
0	0
0	0
0	0
0	0
0	0
0	0
0	0
0	0
0	0
0	0
0	0
0	0
0	0
0	0
0	0
0	0
0	0
0	0
0	0
0	0
0	0
0	0
0	0
0	0
0	0
0	0
0	0
0	0
0	0
0	0
0	0
0	0
0	0
0	0
0	0
0	0
0	0
0	0
0	0
0	0
0	0
0	0
0	0
0	0
0	0
0	0
0	0
0	0
0	0
0	0
0	0
0	0
0	0
0	0
0	0
0	0
0	0
0	0
0	0
0	0
0	0
0	0
0	0
0	0
0	0
0	0
0	0
0	0
0	0
0	0
0	0
0	0
0	0
0	0
0	0
0	0
0	0
0	0
0	0
0	0
0	0
0	0
0	0
0	0
0	0
0	0
0	0
0	0
0	0
0	0
0	0
0	0
0	0
0	0
0	0
0	0
0	0
0	0
0	0
0	0
0	0
0	0
0	0
0	0
0	0
0	0
0	0
0	0
0	0
0	0
0	0
0	0
0	0
0	0
0	0
0	0
0	0
0	0
0	0
0	0
0	0
0	0
0	0
0	0
0	0
0	0
0	0
0	0
0	0
0	0
0	0
0	0
0	0
0	0
0	0
0	0
0	0
0	0
0	0
0	0
0	0
0	0
0	0
0	0
0	0
0	0
0	0
0	0
0	0
0	0
0	0
0	0
0	0
0	0
0	0
0	0
0	0
0	0
0	0
0	0
0	0
0	0
0	0
0	0
0	0
0	0
0	0
0	0
0	0
0	0
0	0
0	0
0	0
0	0
0	0
0	0
0	0
0	0
0	0
0	0
0	0
0	0
0	0
0	0
0	0
0	0
0	0
0	0
0	0
0	0
0	0
0	0
0	0
0	0
0	0
0	0
0	0
0	0
0	0
0	0
0	0
0	0
0	0
0	0
0	0
0	0
0	0
0	0
0	0
0	0
0	0
0	0
0	0
0	0
0	0
0	0
0	0
0	0
0	0
0	0
0	0
0	0
0	0
0	0
0	0
0	0
0	0
0	0
0	0
0	0
0	0
0	0
0	0
0	0
0	0
0	0
0	0
0	0
0	0
0	0
0	0
0	0
0	0
0	0
0	0
0	0
0	0
0	0
0	0
0	0
0	0
0	0
0	0
0	0
0	0
0	0
0	0
0	0
0	0
0	0
0	0
0	0
0	0
0	0
0	0
0	0
0	0
0	0
0	0
0	0
0	0
0	0
0	0
0	0
0	0
0	0
0	0
0	0
0	0
0	0
0	0
0	0
0	0
0	0
0	0
0	0
0	0
0	0
0	0
0	0
0	0
0	0
0	0
0	0
0	0
0	0
0	0
0	0
0	0
0	0
0	0
0	0
0	0
0	0
0	0
0	0
0	0
0	0
0	0
0	0
0	0
0	0
0	0
0	0
0	0
0	0
0	0
0	0
0	0
0	0
0	0
0	0
0	0
0	0
0	0
0	0
0	0
0	0
0	0
0	0
0	0
0	0
0	0
0	0
0	0
0	0
0	0
0	0
0	0
0	0
0	0
0	0
0	0
0	0
0	0
0	0
0	0
0	0
0	0
0	0
0	0
0	0
0	0
0	0
0	0
0	0
0	0
0	0
0	0
0	0
0	0
0	0
0	0
0	0
0	0
0	0
0	0
0	0
0	0
0	0
0	0
0	0
0	0
0	0
0	0
0	0
0	0
0	0
0	0
0	0
0	0
0	0
0	0
0	0
0	0
0	0
0	0
0	0
0	0
0	0
0	0
0	0
0	0
0	0
0	0
0	0
0	0
0	0
0	0
0	0
0	0
0	0
0	0
0	0
0	0
0	0
0	0
0	0
0	0
0	0
0	0
0	0
0	0
0	0
0	0
0	0
0	0
0	0
0	0
0	0
0	0
0	0
0	0
0	0
0	0
0	0
0	0
0	0
0	0
0	0
0	0
0	0
0	0
0	0
0	0
0	0
0	0
0	0
0	0
0	0
0	0
0	0
0	0
0	0
0	0
0	0
0	0
0	0
0	0
0	0
0	0
0	0
0	0
0	0
0	0
0	0
0	0
0	0
0	0
0	0
0	0
0	0
0	0
0	0
0	0
0	0
0	0
0	0
0	0
0	0
0	0
0	0
0	0
0	0
0	0
0	0
0	0
0	0
0	0
0	0
0	0
0	0
0	0
0	0
0	0
0	0
0	0
0	0
0	0
0	0
0	0
0	0
0	0
0	0
0	0
0	0
0	0
0	0
0	0
0	0
0	0
0	0
0	0
0	0
0	0
0	0
0	0
0	0
0	0
0	0
0	0
0	0
0	0
0	0
0	0
0	0
0	0
0	0
0	0
0	0
0	0
0	0
0	0
0	0
0	0
0	0
0	0
0	0
0	0
0	0
0	0
0	0
0	0
0	0
0	0
0	0
0	0
0	0
0	0
0	0
0	0
0	0
0	0
0	0
0	0
0	0
0	0
0	0
0	0
0	0
0	0
0	0
0	0
0	0
0	0
0	0
0	0
0	0
0	0
0	0
0	0
0	0
0	0
0	0
0	0
0	0
0	0
0	0
0	0
0	0
0	0
0	0
0	0
0	0
0	0
0	0
0	0
0	0
0	0
0	0
0	0
0	0
0	0
0	0
0	0
0	0
0	0
0	0
0	0
0	0
0	0
0	0
0	0
0	0
0	0
0	0
0	0
0	0
0	0
0	0
0	0
0	0
0	0
0	0
0	0
0	0
0	0
0	0
0	0
0	0
0	0
0	0
0	0
0	0
0	0
0	0
0	0
0	0
0	0
0	0
0	0
0	0
0	0
0	0
0	0
0	0
0	0
0	0
0	0
0	0
0	0
0	0
0	0
0	0
0	0
0	0
0	0
0	0
0	0
0	0
0	0
0	0
0	0
0	0
0	0
0	0
0	0
0	0
0	0
0	0
0	0
0	0
0	0
0	0
0	0
0	0
0	0
0	0
0	0
0	0
0	0
0	0
0	0
0	0
0	0
0	0
0	0
0	0
0	0
0	0
0	0
0	0
0	0
0	0
0	0
0	0
0	0
0	0
0	0
0	0
0	0
0	0
0	0
0	0
0	0
0	0
0	0
0	0
0	0
0	0
0	0
0	0
0	0
0	0
0	0
0	0
0	0
0	0
0	0
0	0
0	0
0	0
0	0
0	0
0	0
0	0
0	0
0	0
0	0
0	0
0	0
0	0
0	0
0	0
0	0
0	0
0	0
0	0
0	0
0	0
0	0
0	0
0	0
0	0
0	0
0	0
0	0
0	0
0	0
0	0
0	0
0	0
0	0
0	0
0	0
0	0
0	0
0	0
0	0
0	0
0	0
0	0
0	0
0	0
0	0
0	0
0	0
0	0
0	0
0	0
0	0
0	0
0	0
0	0
0	0
0	0
0	0
0	0
0	0
0	0
0	0
0	0
0	0
0	0
0	0
0	0
0	0
0	0
0	0
0	0
0	0
0	0
0	0
0	0
0	0
0	0
0	0
0	0
0	0
0	0
0	0
0	0
0	0
0	0
0	0
0	0
0	0
0	0
0	0
0	0
0	0
0	0
0	0
0	0
0	0
0	0
0	0
0	0
0	0
0	0
0	0
0	0
0	0
0	0
0	0
0	0
0	0
0	0
0	0
0	0
0	0
0	0
0	0
0	0
0	0
0	0
0	0
0	0
0	0
0	0
0	0
0	0
0	0
0	0
0	0
0	0
0	0
0	0
0	0
0	0
0	0
0	0
0	0
0	0
0	0
0	0
0	0
0	0
0	0
0	0
0	0
0	0
0	0
0	0
0	0
0	0
0	0
0	0
0	0
0	0
0	0
0	0
0	0
0	0
0	0
0	0
0	0
0	0
0	0
0	0
0	0
0	0
0	0
0	0
0	0
0	0
0	0
0	0
0	0
0	0
0	0
0	0
0	0
0	0
0	0
0	0
0	0
0	0
0	0
0	0
0	0
0	0
0	0
0	0
0	0
0	0
0	0
0	0
0	0
0	0
0	0
0	0
0	0
0	0
0	0
0	0
0	0
0	0
0	0
0	0
0	0
0	0
0	0
0	0
0	0
0	0
0	0
0	0
0	0
0	0
0	0
0	0
0	0
0	0
0	0
0	0
0	0
0	0
0	0
0	0
0	0
0	0
0	0
0	0
0	0
0	0
0	0
0	0
0	0
0	0
0	0
0	0
0	0
0	0
0	0
0	0
0	0
0	0
0	0
0	0
0	0
0	0
0	0
0	0
0	0
0	0
0	0
0	0
0	0
0	0
0	0
0	0
0	0
0	0
0	0
0	0
0	0
0	0
0	0
0	0
0	0
0	0
0	0
0	0
0	0
0	0
0	0
0	0
0	0
0	0
0	0
0	0
0	0
0	0
0	0
0	0
0	0
0	0
0	0
0	0
0	0
0	0
0	0
0	0
0	0
0	0
0	0
0	0
0	0
0	0
0	0
0	0
0	0
0	0
0	0
0	0
0	0
0	0
0	0
0	0
0	0
0	0
0	0
0	0
0	0
0	0
0	0
0	0
0	0
0	0
0	0
0	0
0	0
0	0
0	0
0	0
0	0
0	0
0	0
0	0
0	0
0	0
0	0
0	0
0	0
0	0
0	0
0	0
0	0
0	0
0	0
0	0
0	0
0	0
0	0
0	0
0	0
0	0
0	0
0	0
0	0
0	0
0	0
0	0
0	0
0	0
0	0
0	0
0	0
0	0
0	0
0	0
0	0
0	0
0	0
0	0
0	0
0	0
0	0
0	0
0	0
0	0
0	0
0	0
0	0
0	0
0	0
0	0
0	0
0	0
0	0
0	0
0	0
0	0
0	0
0	0
0	0
0	0
0	0
0	0
0	0
0	0
0	0
0	0
0	0
0	0
0	0
0	0
0	0
0	0
0	0
0	0
0	0
0	0
0	0
0	0
0	0
0	0
0	0
0	0
0	0
0	0
0	0
0	0
0	0
0	0
0	0
0	0
0	0
0	0
0	0
0	0
0	0
0	0
0	0
0	0
0	0
0	0
0	0
0	0
0	0
0	0
0	0
0	0
0	0
0	0
0	0
0	0
0	0
0	0
0	0
0	0
0	0
0	0
0	0
0	0
0	0
0	0
0	0
0	0
0	0
0	0
0	0
0	0
0	0
0	0
0	0
0	0
0	0
0	0
0	0
0	0
0	0
0	0
0	0
0	0
0	0
0	0
0	0
0	0
0	0
0	0
0	0
0	0
0	0
0	0
0	0
0	0
0	0
0	0
0	0
0	0
0	0
0	0
0	0
0	0
0	0
0	0
0	0
0	0
0	0
0	0
0	0
0	0
0	0
0	0
0	0
0	0
0	0
0	0
0	0
0	0
0	0
0	0
0	0
0	0
0	0
0	0
0	0
0	0
0	0
0	0
0	0
0	0
0	0
0	0
0	0
0	0
0	0
0	0
0	0
0	0
0	0
0	0
0	0
0	0
0	0
0	0
0	0
0	0
0	0
0	0
0	0
0	0
0	0
0	0
0	0
0	0
0	0
0	0
0	0
0	0
0	0
0	0
0	0
0	0
0	0
0	0
0	0
0	0
0	0
0	0
0	0
0	0
0	0
0	0
0	0
0	0
0	0
0	0
0	0
0	0
0	0
0	0
0	0
0	0
0	0
0	0
0	0
0	0
0	0
0	0
0	0
0	0
0	0
0	0
0	0
0	0
0	0
0	0
0	0
0	0
0	0
0	0
0	0
0	0
0	0
0	0
0	0
0	0
0	0
0	0
0	0
0	0
0	0
0	0
0	0
0	0
0	0
0	0
0	0
0	0
0	0
0	0
0	0
0	0
0	0
0	0
0	0
0	0
0	0
0	0
0	0
0	0
0	0
0	0
0	0
0	0
0	0
0	0
0	0
0	0
0	0
0	0
0	0
0	0
0	0
0	0
0	0
0	0
0	0
0	0
0	0
0	0
0	0
0	0
0	0
0	0
0	0
0	0
0	0
0	0
0	0
0	0
0	0
0	0
0	0
0	0
0	0
0	0
0	0
0	0
0	0
0	0
0	0
0	0
0	0
0	0
0	0
0	0
0	0
0	0
0	0
0	0
0	0
0	0
0	0
0	0
0	0
0	0
0	0
0	0
0	0
0	0
0	0
0	0
0	0
0	0
0	0
0	0
0	0
0	0
0	0
0	0
0	0
0	0
0	0
0	0
0	0
0	0
0	0
0	0
0	0
0	0
0	0
0	0
0	0
0	0
0	0
0	0
0	0
0	0
0	0
0	0
0	0
0	0
0	0
0	0
0	0
0	0
0	0
0	0
0	0
0	0
0	0
0	0
0	0
0	0
0	0
0	0
0	0
0	0
0	0
0	0
0	0
0	0
0	0
0	0
0	0
0	0
0	0
0	0
0	0
0	0
0	0
0	0
0	0
0	0
0	0
0	0
0	0
0	0
0	0
0	0
0	0
0	0
0	0
0	0
0	0
0	0
0	0
0	0
0	0
0	0
0	0
0	0
0	0
0	0
0	0
0	0
0	0
0	0
0	0
0	0
0	0
0	0
0	0
0	0
0	0
0	0
0	0
0	0
0	0
0	0
0	0
0	0
0	0
0	0
0	0
0	0
0	0
0	0
0	0
0	0
0	0
0	0
0	0
0	0
0	0
0	0
0	0
0	0
0	0
0	0
0	0
0	0
0	0
0	0
0	0
0	0
0	0
0	0
0	0
0	0
0	0
0	0
0	0
0	0
0	0
0	0
0	0
0	0
0	0
0	0
0	0
0	0
0	0
0	0
0	0
0	0
0	0
0	0
0	0
0	0
0	0
0	0
0	0
0	0
0	0
0	0
0	0
0	0
0	0
0	0
0	0
0	0
0	0
0	0
0	0
0	0
0	0
0	0
0	0
0	0
0	0
0	0
0	0
0	0
0	0
0	0
0	0
0	0
0	0
0	0
0	0
0	0
0	0
0	0
0	0
0	0
0	0
0	0
0	0
0	0
0	0
0	0
0	0
0	0
0	0
0	0
0	0
0	0
0	0
0	0
0	0
0	0
0	0
0	0
0	0
0	0
0	0
0	0
0	0
0	0
0	0
0	0
0	0
0	0
0	0
0	0
0	0
0	0
0	0
0	0
0	0
0	0
0	0
0	0
0	0
0	0
0	0
0	0
0	0
0	0
0	0
0	0
0	0
0	0
0	0
0	0
