0	196
0	198
0	203
0	207
0	209
0	210
1	190
1	197
1	199
1	203
1	204
1	205
1	206
1	207
1	210
2	169
2	191
2	192
2	193
2	200
2	202
3	169
3	190
3	192
3	194
3	200
3	201
3	203
4	168
4	170
4	189
4	195
4	196
4	200
4	204
5	170
5	196
5	197
5	199
5	201
6	171
6	198
7	169
7	170
7	172
7	199
7	200
8	172
8	198
9	171
9	173
9	197
10	170
10	174
10	197
11	173
11	196
11	197
11	202
11	203
12	172
12	173
12	198
12	200
12	201
13	173
13	194
13	195
13	198
13	199
14	170
14	172
14	173
14	193
14	195
14	197
14	200
15	171
15	174
15	196
16	174
16	175
16	196
17	174
17	176
17	197
18	173
18	175
18	198
19	176
19	197
19	210
20	176
20	177
20	182
20	194
20	197
20	210
21	176
21	181
21	183
21	195
21	196
21	197
21	200
21	205
21	209
22	176
22	180
22	198
22	199
22	205
22	209
22	210
22	211
22	212
23	169
23	174
23	176
23	178
23	179
23	193
23	194
23	197
23	205
23	208
23	211
23	213
24	170
24	172
24	175
24	178
24	179
24	191
24	192
24	194
24	195
24	198
24	204
24	206
24	207
24	212
25	171
25	176
25	177
25	196
25	197
25	198
25	205
26	133
26	172
26	176
26	199
26	205
27	132
27	133
27	171
27	173
27	174
27	175
27	200
27	204
28	129
28	132
28	170
28	176
28	177
28	201
28	202
28	203
28	211
29	129
29	131
29	132
29	175
29	195
29	200
29	202
29	208
29	210
29	212
29	213
30	130
30	159
30	165
30	173
30	174
30	193
30	194
30	200
30	207
30	209
30	210
31	129
31	130
31	131
31	160
31	162
31	166
31	172
31	174
31	194
31	198
31	201
31	203
31	206
31	207
31	208
31	209
32	128
32	130
32	132
32	159
32	161
32	166
32	174
32	183
32	193
32	194
32	197
32	201
32	202
32	204
32	205
32	210
32	211
32	213
32	216
33	129
33	131
33	160
33	161
33	164
33	165
33	174
33	180
33	182
33	195
33	196
33	198
33	200
33	205
33	210
33	212
33	214
33	216
34	124
34	128
34	130
34	161
34	163
34	173
34	178
34	181
34	182
34	188
34	189
34	197
34	199
34	200
34	201
34	215
35	125
35	131
35	158
35	162
35	164
35	172
35	177
35	178
35	179
35	180
35	182
35	189
35	197
36	126
36	127
36	131
36	132
36	159
36	160
36	161
36	163
36	171
36	172
36	175
36	179
36	188
36	196
37	127
37	128
37	132
37	141
37	145
37	158
37	162
37	164
37	173
37	174
37	178
37	189
37	197
37	198
38	126
38	128
38	131
38	141
38	144
38	156
38	158
38	161
38	175
38	179
38	189
38	197
38	201
39	124
39	125
39	126
39	129
39	130
39	131
39	134
39	141
39	142
39	143
39	153
39	155
39	157
39	159
39	162
39	163
39	172
39	174
39	176
39	177
39	178
39	188
39	196
39	200
39	202
40	124
40	131
40	132
40	134
40	141
40	154
40	160
40	161
40	171
40	173
40	174
40	175
40	187
40	188
40	195
40	200
41	124
41	133
41	138
41	139
41	140
41	160
41	176
41	184
41	185
41	186
41	196
41	198
41	199
42	122
42	123
42	132
42	134
42	139
42	159
42	163
42	176
42	180
42	187
42	190
42	192
42	195
42	197
42	198
42	199
42	204
42	207
42	208
43	135
43	137
43	138
43	139
43	146
43	156
43	157
43	159
43	163
43	175
43	177
43	181
43	188
43	189
43	193
43	194
43	205
43	206
43	207
43	209
44	134
44	136
44	140
44	141
44	147
44	158
44	159
44	160
44	163
44	165
44	177
44	179
44	182
44	188
44	192
44	204
44	209
44	211
44	212
45	139
45	142
45	147
45	148
45	151
45	161
45	162
45	164
45	178
45	180
45	181
45	188
45	190
45	191
45	202
45	203
45	205
45	210
46	143
46	146
46	148
46	150
46	151
46	160
46	165
46	173
46	178
46	189
46	201
46	205
47	120
47	139
47	140
47	143
47	145
47	146
47	147
47	149
47	152
47	165
47	166
47	172
47	176
47	177
47	190
47	200
48	121
48	141
48	142
48	144
48	153
48	165
48	166
48	173
48	174
48	175
48	177
48	179
48	189
48	191
48	196
48	199
49	122
49	141
49	153
49	156
49	166
49	178
49	179
49	189
49	190
49	193
49	195
49	197
49	198
50	120
50	122
50	154
50	157
50	167
50	179
50	188
50	192
50	194
51	121
51	155
51	157
51	168
51	176
51	178
51	180
51	181
51	187
51	188
51	190
51	192
51	195
52	121
52	156
52	157
52	159
52	167
52	169
52	171
52	177
52	188
52	191
52	196
53	121
53	156
53	158
53	159
53	162
53	166
53	167
53	169
53	172
53	176
53	178
53	189
53	190
53	197
54	120
54	121
54	127
54	158
54	160
54	161
54	168
54	170
54	171
54	179
54	189
54	197
54	199
54	201
54	202
55	121
55	126
55	160
55	161
55	162
55	170
55	172
55	173
55	180
55	189
55	197
55	198
55	199
55	200
56	119
56	121
56	126
56	127
56	133
56	163
56	171
56	173
56	175
56	181
56	189
56	200
57	117
57	118
57	121
57	128
57	134
57	135
57	163
57	174
57	182
57	183
57	188
57	190
57	191
57	192
57	193
58	119
58	120
58	122
58	128
58	133
58	136
58	164
58	173
58	178
58	182
58	183
58	188
58	190
58	191
59	119
59	123
59	128
59	134
59	137
59	138
59	164
59	165
59	173
59	174
59	176
59	177
59	178
59	180
59	181
59	184
59	185
59	186
59	187
59	192
59	193
60	118
60	123
60	124
60	125
60	126
60	127
60	129
60	133
60	135
60	137
60	164
60	166
60	172
60	175
60	179
60	188
60	194
60	195
61	118
61	127
61	130
61	135
61	136
61	137
61	167
61	170
61	171
61	175
61	176
61	188
62	118
62	128
62	129
62	130
62	135
62	167
62	170
62	175
62	189
63	118
63	123
63	128
63	131
63	135
63	168
63	169
63	174
63	175
63	220
64	123
64	126
64	127
64	128
64	132
64	134
64	136
64	176
64	218
64	220
64	221
65	122
65	124
65	125
65	132
65	133
65	135
65	138
65	176
65	178
65	219
65	452
65	453
66	123
66	136
66	138
66	139
66	173
66	174
66	175
66	177
66	220
66	453
67	123
67	124
67	135
67	137
67	145
67	172
67	175
67	219
67	220
67	417
67	423
67	425
67	453
68	122
68	124
68	125
68	137
68	138
68	142
68	146
68	151
68	170
68	175
68	177
68	178
68	179
68	219
68	226
68	418
68	419
68	422
68	425
68	450
68	453
69	122
69	134
69	136
69	137
69	139
69	142
69	145
69	147
69	151
69	171
69	173
69	174
69	176
69	219
69	227
69	417
69	418
69	421
69	423
69	424
69	450
69	451
69	453
70	121
70	130
70	135
70	140
70	141
70	143
70	144
70	145
70	146
70	152
70	172
70	175
70	179
70	218
70	227
70	229
70	419
70	422
70	450
70	452
71	130
71	139
71	146
71	150
71	151
71	176
71	179
71	192
71	219
71	220
71	227
71	228
71	418
71	420
71	421
71	446
71	451
71	453
72	131
72	132
72	137
72	139
72	147
72	151
72	176
72	179
72	181
72	182
72	192
72	221
72	226
72	232
72	234
72	420
72	421
72	444
72	445
72	446
72	450
73	128
73	133
73	138
73	145
73	146
73	148
73	151
73	152
73	177
73	178
73	180
73	191
73	221
73	224
73	226
73	228
73	230
73	232
73	233
73	421
73	422
73	425
73	444
73	446
73	449
73	450
74	129
74	133
74	134
74	135
74	136
74	137
74	147
74	148
74	152
74	153
74	176
74	180
74	190
74	221
74	225
74	227
74	229
74	231
74	418
74	420
74	421
74	424
74	431
74	444
74	446
74	448
75	130
75	133
75	147
75	149
75	150
75	153
75	161
75	162
75	168
75	176
75	178
75	188
75	190
75	193
75	207
75	209
75	220
75	221
75	224
75	227
75	228
75	419
75	421
75	423
75	430
75	445
75	446
75	447
76	129
76	132
76	150
76	151
76	152
76	161
76	168
76	169
76	177
76	189
76	192
76	208
76	221
76	222
76	223
76	225
76	226
76	422
76	425
76	429
76	446
76	447
76	448
77	127
77	130
77	131
77	133
77	151
77	152
77	156
77	162
77	163
77	167
77	170
77	177
77	188
77	190
77	191
77	208
77	220
77	224
77	226
77	423
77	425
77	426
77	428
77	445
77	446
78	128
78	131
78	153
78	154
78	156
78	162
78	168
78	171
78	175
78	176
78	187
78	191
78	209
78	220
78	221
78	223
78	226
78	422
78	424
78	427
78	445
79	128
79	130
79	131
79	132
79	154
79	155
79	158
79	159
79	160
79	161
79	167
79	169
79	171
79	172
79	173
79	174
79	175
79	184
79	185
79	187
79	205
79	208
79	210
79	215
79	218
79	219
79	224
79	421
79	422
79	427
79	432
79	446
79	447
79	450
79	451
80	127
80	129
80	130
80	154
80	156
80	157
80	160
80	162
80	163
80	164
80	166
80	168
80	169
80	171
80	174
80	176
80	183
80	184
80	186
80	187
80	188
80	205
80	206
80	207
80	216
80	218
80	225
80	427
80	428
80	429
80	430
80	433
80	443
80	446
80	449
80	452
81	128
81	130
81	131
81	154
81	156
81	160
81	165
81	167
81	169
81	171
81	177
81	184
81	185
81	207
81	217
81	430
81	432
81	444
81	445
81	448
81	450
81	453
81	456
81	457
82	123
82	127
82	130
82	153
82	155
82	159
82	166
82	170
82	177
82	178
82	185
82	186
82	207
82	217
82	431
82	432
82	445
82	446
82	447
82	454
82	455
83	123
83	124
83	125
83	126
83	152
83	178
83	181
83	184
83	208
83	209
83	216
83	432
83	433
83	445
83	447
84	122
84	127
84	150
84	151
84	176
84	177
84	179
84	181
84	185
84	187
84	208
84	212
84	216
84	431
84	444
84	448
84	450
85	121
85	148
85	150
85	180
85	182
85	184
85	186
85	187
85	204
85	207
85	213
85	214
85	215
85	217
85	432
85	443
85	445
85	446
85	447
85	448
85	449
85	451
86	149
86	178
86	179
86	183
86	205
86	206
86	207
86	210
86	212
86	214
86	431
86	433
86	441
86	442
87	149
87	150
87	177
87	181
87	182
87	186
87	207
87	209
87	211
87	425
87	431
87	433
87	442
88	148
88	163
88	164
88	165
88	183
88	185
88	186
88	187
88	189
88	190
88	208
88	209
88	237
88	420
88	422
88	423
88	425
88	431
88	432
88	434
88	441
88	443
88	460
89	165
89	183
89	184
89	188
89	204
89	207
89	238
89	241
89	242
89	420
89	421
89	424
89	433
89	442
89	460
89	461
89	464
90	166
90	168
90	184
90	189
90	204
90	206
90	228
90	230
90	238
90	241
90	242
90	425
90	430
90	431
90	432
90	443
90	461
90	462
90	464
90	465
91	165
91	167
91	168
91	172
91	181
91	183
91	185
91	190
91	205
91	229
91	237
91	238
91	240
91	426
91	428
91	430
91	431
91	432
91	433
91	441
91	444
91	445
91	446
91	461
91	463
92	164
92	169
92	173
92	179
92	180
92	181
92	182
92	184
92	205
92	207
92	209
92	229
92	232
92	238
92	239
92	426
92	427
92	429
92	434
92	437
92	440
92	444
92	445
92	458
92	460
92	463
93	168
93	169
93	170
93	172
93	174
93	175
93	180
93	199
93	201
93	202
93	203
93	204
93	205
93	206
93	208
93	230
93	231
93	238
93	425
93	428
93	429
93	434
93	435
93	436
93	440
93	444
93	446
93	455
93	459
93	460
94	167
94	171
94	175
94	178
94	179
94	200
94	204
94	228
94	230
94	237
94	433
94	437
94	440
94	443
94	455
94	459
95	166
95	168
95	174
95	176
95	178
95	179
95	180
95	182
95	198
95	199
95	229
95	230
95	234
95	237
95	243
95	437
95	441
95	442
95	456
95	459
95	460
95	461
96	163
96	164
96	165
96	166
96	171
96	177
96	180
96	182
96	196
96	197
96	230
96	235
96	237
96	243
96	437
96	438
96	442
96	454
96	455
96	459
96	462
97	163
97	171
97	177
97	181
97	182
97	189
97	197
97	231
97	234
97	235
97	236
97	238
97	242
97	439
97	441
97	456
97	457
97	458
97	459
97	500
98	11
98	164
98	170
98	171
98	172
98	173
98	175
98	176
98	181
98	184
98	188
98	197
98	198
98	231
98	233
98	234
98	241
98	440
98	448
98	449
98	457
98	490
98	500
99	12
99	14
99	174
99	180
99	185
99	188
99	198
99	230
99	233
99	234
99	241
99	439
99	441
99	442
99	443
99	444
99	448
99	454
99	458
99	459
99	460
99	461
99	491
99	493
99	494
99	498
99	499
99	501
100	13
100	15
100	173
100	174
100	180
100	181
100	185
100	188
100	197
100	198
100	226
100	230
100	231
100	233
100	236
100	237
100	241
100	441
100	448
100	454
100	459
100	461
100	492
100	499
100	500
101	12
101	14
101	17
101	179
101	182
101	183
101	184
101	185
101	188
101	197
101	225
101	230
101	232
101	234
101	235
101	239
101	240
101	242
101	442
101	448
101	449
101	454
101	458
101	462
101	463
101	492
101	497
101	499
102	12
102	14
102	15
102	16
102	186
102	188
102	189
102	190
102	191
102	196
102	197
102	226
102	229
102	235
102	240
102	243
102	293
102	443
102	447
102	453
102	457
102	464
102	466
102	493
102	497
102	498
103	13
103	186
103	187
103	189
103	195
103	198
103	199
103	227
103	230
103	236
103	237
103	239
103	241
103	294
103	444
103	446
103	454
103	456
103	465
103	494
103	496
103	509
104	8
104	11
104	12
104	15
104	184
104	185
104	188
104	190
104	191
104	194
104	198
104	228
104	229
104	238
104	239
104	240
104	295
104	444
104	445
104	453
104	454
104	457
104	458
104	459
104	495
104	509
105	0
105	9
105	12
105	14
105	15
105	186
105	189
105	192
105	193
105	195
105	196
105	227
105	228
105	240
105	296
105	297
105	444
105	453
105	455
105	456
105	457
105	458
105	492
105	495
105	496
105	510
106	0
106	2
106	9
106	11
106	13
106	180
106	181
106	187
106	188
106	222
106	225
106	226
106	227
106	229
106	230
106	293
106	295
106	296
106	444
106	445
106	452
106	456
106	485
106	486
106	487
106	493
106	494
106	511
107	0
107	1
107	10
107	182
107	183
107	184
107	185
107	186
107	189
107	193
107	194
107	223
107	225
107	292
107	296
107	415
107	443
107	445
107	451
107	452
107	488
107	490
107	494
108	0
108	8
108	9
108	10
108	190
108	193
108	224
108	291
108	293
108	297
108	298
108	415
108	422
108	424
108	442
108	446
108	450
108	489
108	491
108	494
108	501
108	504
108	510
108	511
109	9
109	11
109	191
109	192
109	197
109	224
109	292
109	294
109	296
109	299
109	414
109	416
109	421
109	425
109	446
109	449
109	454
109	490
109	492
109	494
109	502
109	503
109	504
109	509
110	9
110	10
110	192
110	193
110	196
110	197
110	224
110	225
110	294
110	295
110	296
110	298
110	299
110	300
110	416
110	417
110	420
110	421
110	424
110	447
110	448
110	449
110	453
110	455
110	493
110	503
110	510
110	511
111	8
111	161
111	162
111	165
111	193
111	195
111	222
111	223
111	224
111	229
111	296
111	297
111	301
111	418
111	419
111	421
111	423
111	449
111	452
111	453
111	455
111	491
111	492
111	499
111	504
111	510
112	1
112	9
112	161
112	163
112	164
112	165
112	166
112	169
112	193
112	194
112	196
112	212
112	216
112	223
112	228
112	230
112	231
112	296
112	421
112	423
112	448
112	450
112	451
112	454
112	469
112	490
112	491
112	499
112	505
112	506
112	509
112	510
113	1
113	9
113	10
113	159
113	160
113	166
113	168
113	169
113	189
113	190
113	192
113	195
113	196
113	213
113	214
113	216
113	222
113	229
113	231
113	296
113	300
113	422
113	437
113	450
113	452
113	470
113	473
113	488
113	490
113	500
113	507
113	509
114	0
114	8
114	165
114	167
114	168
114	169
114	188
114	191
114	192
114	196
114	213
114	215
114	216
114	223
114	226
114	229
114	232
114	296
114	298
114	299
114	335
114	340
114	341
114	421
114	437
114	450
114	452
114	470
114	472
114	487
114	491
114	500
114	501
114	508
115	0
115	7
115	148
115	166
115	170
115	172
115	190
115	192
115	212
115	213
115	215
115	222
115	226
115	227
115	228
115	236
115	237
115	296
115	298
115	334
115	340
115	419
115	421
115	437
115	451
115	471
115	486
115	487
115	492
115	493
115	494
115	501
115	502
115	508
116	1
116	4
116	6
116	148
116	150
116	151
116	168
116	171
116	191
116	193
116	212
116	213
116	214
116	223
116	225
116	229
116	231
116	235
116	293
116	295
116	297
116	334
116	339
116	420
116	422
116	425
116	436
116	450
116	452
116	471
116	488
116	492
116	503
116	508
116	511
117	0
117	2
117	5
117	149
117	152
117	169
117	170
117	174
117	192
117	194
117	213
117	214
117	220
117	224
117	230
117	234
117	240
117	288
117	290
117	292
117	296
117	335
117	336
117	337
117	338
117	423
117	424
117	436
117	449
117	450
117	453
117	467
117	470
117	487
117	489
117	492
117	493
117	495
117	502
117	508
118	3
118	4
118	6
118	8
118	150
118	153
118	169
118	171
118	173
118	190
118	193
118	195
118	214
118	215
118	221
118	225
118	233
118	235
118	240
118	241
118	289
118	291
118	293
118	296
118	335
118	337
118	421
118	422
118	423
118	424
118	426
118	435
118	438
118	449
118	451
118	452
118	453
118	454
118	455
118	456
118	466
118	467
118	468
118	469
118	474
118	486
118	490
118	491
118	494
118	495
118	502
118	508
118	511
119	5
119	7
119	9
119	151
119	154
119	162
119	170
119	171
119	172
119	191
119	192
119	215
119	220
119	222
119	224
119	229
119	233
119	236
119	237
119	238
119	239
119	241
119	294
119	295
119	296
119	338
119	342
119	343
119	421
119	425
119	436
119	437
119	448
119	449
119	451
119	454
119	469
119	471
119	472
119	473
119	490
119	492
119	500
119	502
119	509
119	510
120	0
120	8
120	10
120	145
120	151
120	155
120	162
120	165
120	166
120	167
120	168
120	169
120	173
120	190
120	191
120	193
120	197
120	216
120	221
120	222
120	223
120	229
120	232
120	240
120	242
120	296
120	302
120	339
120	343
120	419
120	420
120	422
120	425
120	437
120	445
120	449
120	469
120	470
120	474
120	488
120	490
120	493
120	501
120	510
121	0
121	8
121	143
121	144
121	151
121	155
121	160
121	163
121	164
121	167
121	172
121	173
121	174
121	192
121	197
121	215
121	219
121	221
121	226
121	227
121	228
121	229
121	231
121	242
121	296
121	298
121	301
121	303
121	339
121	340
121	344
121	346
121	347
121	422
121	424
121	427
121	434
121	436
121	445
121	446
121	450
121	457
121	461
121	468
121	487
121	489
121	491
121	500
121	504
121	508
121	509
121	511
122	1
122	7
122	9
122	143
122	144
122	150
122	152
122	153
122	154
122	156
122	161
122	162
122	165
122	168
122	173
122	184
122	193
122	198
122	199
122	216
122	220
122	225
122	230
122	297
122	298
122	299
122	300
122	304
122	341
122	344
122	345
122	416
122	421
122	425
122	427
122	433
122	435
122	436
122	437
122	446
122	449
122	457
122	462
122	467
122	468
122	486
122	488
122	500
122	502
122	505
122	507
123	0
123	142
123	145
123	147
123	148
123	149
123	153
123	155
123	156
123	161
123	173
123	182
123	183
123	192
123	197
123	216
123	220
123	224
123	296
123	299
123	339
123	342
123	343
123	415
123	416
123	420
123	422
123	425
123	426
123	437
123	447
123	448
123	449
123	457
123	462
123	467
123	486
123	487
123	488
123	499
123	501
123	505
123	506
123	508
124	141
124	146
124	147
124	154
124	156
124	158
124	160
124	161
124	172
124	174
124	184
124	185
124	193
124	197
124	200
124	216
124	220
124	224
124	295
124	300
124	340
124	342
124	414
124	417
124	418
124	419
124	422
124	425
124	437
124	445
124	446
124	450
124	457
124	459
124	461
124	466
124	483
124	484
124	486
124	488
124	489
124	490
124	499
124	502
124	503
124	504
124	507
124	509
125	140
125	147
125	157
125	159
125	171
125	173
125	175
125	185
125	193
125	197
125	200
125	217
125	219
125	223
125	293
125	294
125	295
125	341
125	346
125	414
125	423
125	425
125	437
125	449
125	451
125	458
125	462
125	466
125	482
125	485
125	487
125	494
125	495
125	496
125	498
125	504
125	510
126	139
126	146
126	155
126	157
126	160
126	174
126	176
126	186
126	187
126	190
126	191
126	193
126	198
126	199
126	210
126	218
126	219
126	222
126	224
126	296
126	303
126	342
126	345
126	423
126	424
126	426
126	438
126	450
126	459
126	462
126	466
126	486
126	488
126	489
126	490
126	491
126	493
126	497
126	498
126	505
126	511
127	0
127	1
127	138
127	147
127	156
127	159
127	177
127	187
127	189
127	190
127	192
127	200
127	201
127	202
127	210
127	219
127	220
127	221
127	293
127	294
127	295
127	302
127	341
127	344
127	419
127	421
127	423
127	425
127	438
127	448
127	450
127	460
127	461
127	467
127	482
127	484
127	485
127	488
127	490
127	492
127	494
127	496
127	499
127	506
127	511
128	2
128	155
128	156
128	160
128	171
128	177
128	181
128	188
128	189
128	193
128	198
128	200
128	209
128	219
128	222
128	295
128	297
128	298
128	299
128	301
128	337
128	342
128	343
128	344
128	346
128	347
128	348
128	418
128	420
128	422
128	426
128	438
128	449
128	459
128	461
128	466
128	468
128	483
128	485
128	486
128	491
128	496
128	500
128	506
128	507
128	510
128	511
129	2
129	3
129	4
129	156
129	172
129	177
129	181
129	187
129	194
129	198
129	199
129	210
129	219
129	220
129	221
129	230
129	236
129	240
129	296
129	300
129	336
129	338
129	341
129	345
129	346
129	421
129	427
129	435
129	438
129	439
129	449
129	456
129	458
129	467
129	483
129	484
129	487
129	491
129	510
129	511
130	5
130	154
130	155
130	173
130	177
130	178
130	181
130	182
130	186
130	195
130	199
130	209
130	216
130	217
130	218
130	230
130	235
130	238
130	239
130	240
130	294
130	295
130	303
130	304
130	339
130	340
130	418
130	419
130	420
130	427
130	428
130	436
130	437
130	450
130	451
130	455
130	457
130	458
130	467
130	469
130	483
130	484
130	488
130	490
130	509
131	1
131	6
131	7
131	8
131	153
131	167
131	173
131	174
131	175
131	176
131	179
131	180
131	182
131	184
131	195
131	196
131	198
131	199
131	209
131	215
131	216
131	231
131	235
131	237
131	284
131	294
131	296
131	302
131	341
131	419
131	429
131	438
131	451
131	457
131	466
131	468
131	475
131	481
131	482
131	489
131	509
131	510
132	0
132	152
132	154
132	166
132	168
132	169
132	171
132	172
132	175
132	178
132	182
132	183
132	195
132	196
132	197
132	208
132	209
132	210
132	215
132	232
132	233
132	236
132	237
132	239
132	285
132	288
132	292
132	293
132	297
132	298
132	299
132	300
132	301
132	339
132	340
132	341
132	342
132	430
132	437
132	438
132	451
132	458
132	465
132	472
132	475
132	478
132	479
132	480
132	483
132	511
133	170
133	171
133	172
133	174
133	179
133	183
133	196
133	211
133	214
133	215
133	226
133	232
133	234
133	235
133	238
133	239
133	286
133	287
133	293
133	343
133	344
133	431
133	434
133	435
133	436
133	451
133	456
133	457
133	461
133	462
133	465
133	466
133	470
133	471
133	476
133	477
133	478
133	484
133	511
134	173
134	175
134	178
134	179
134	182
134	184
134	196
134	211
134	212
134	214
134	225
134	231
134	236
134	288
134	292
134	320
134	321
134	344
134	349
134	354
134	424
134	431
134	432
134	435
134	437
134	452
134	457
134	460
134	463
134	464
134	469
134	474
134	475
135	172
135	174
135	176
135	177
135	180
135	184
135	185
135	192
135	197
135	213
135	214
135	225
135	230
135	231
135	285
135	287
135	291
135	292
135	321
135	344
135	345
135	346
135	347
135	348
135	355
135	425
135	426
135	433
135	434
135	436
135	451
135	458
135	460
135	461
135	462
135	463
135	468
135	473
136	168
136	170
136	171
136	174
136	179
136	186
136	193
136	194
136	197
136	201
136	212
136	222
136	225
136	230
136	252
136	286
136	288
136	289
136	291
136	292
136	320
136	340
136	343
136	349
136	350
136	352
136	354
136	421
136	422
136	427
136	434
136	435
136	452
136	459
136	461
136	468
136	469
136	470
136	473
136	491
137	169
137	173
137	186
137	191
137	192
137	193
137	196
137	197
137	200
137	201
137	213
137	223
137	225
137	226
137	229
137	253
137	284
137	285
137	290
137	291
137	320
137	321
137	341
137	342
137	350
137	351
137	353
137	422
137	424
137	426
137	428
137	429
137	434
137	452
137	460
137	467
137	471
137	472
137	490
138	170
138	174
138	184
138	186
138	191
138	194
138	195
138	196
138	201
138	212
138	222
138	225
138	229
138	254
138	283
138	288
138	290
138	319
138	320
138	327
138	340
138	341
138	352
138	423
138	425
138	430
138	431
138	432
138	434
138	453
138	460
138	464
138	465
138	466
138	473
138	489
139	185
139	189
139	190
139	192
139	197
139	201
139	212
139	219
139	220
139	223
139	225
139	228
139	255
139	256
139	282
139	288
139	289
139	290
139	321
139	326
139	328
139	341
139	422
139	424
139	429
139	431
139	433
139	435
139	453
139	456
139	457
139	460
139	463
139	467
139	469
139	473
139	475
139	488
140	186
140	188
140	189
140	190
140	198
140	202
140	211
140	212
140	221
140	222
140	224
140	226
140	227
140	229
140	257
140	287
140	290
140	321
140	326
140	328
140	341
140	342
140	343
140	422
140	424
140	429
140	433
140	453
140	454
140	455
140	461
140	463
140	468
140	474
140	487
140	489
140	503
141	186
141	187
141	189
141	191
141	199
141	202
141	204
141	209
141	212
141	221
141	247
141	256
141	291
141	320
141	321
141	325
141	327
141	339
141	340
141	397
141	421
141	433
141	434
141	452
141	454
141	461
141	462
141	466
141	467
141	474
141	475
141	486
141	503
141	504
141	505
141	506
142	188
142	189
142	200
142	203
142	204
142	207
142	208
142	211
142	222
142	246
142	255
142	257
142	259
142	292
142	293
142	295
142	319
142	321
142	322
142	324
142	340
142	369
142	398
142	421
142	433
142	453
142	461
142	462
142	464
142	465
142	468
142	469
142	484
142	486
142	503
142	506
142	507
142	508
142	509
143	184
143	187
143	198
143	199
143	201
143	202
143	208
143	211
143	221
143	225
143	246
143	256
143	258
143	259
143	260
143	291
143	294
143	319
143	320
143	323
143	337
143	338
143	339
143	340
143	368
143	369
143	393
143	394
143	397
143	399
143	400
143	431
143	432
143	439
143	448
143	451
143	452
143	460
143	463
143	466
143	468
143	484
143	486
143	487
143	489
143	501
143	502
143	504
143	505
144	185
144	186
144	198
144	200
144	202
144	203
144	204
144	206
144	208
144	211
144	222
144	224
144	237
144	240
144	241
144	246
144	255
144	258
144	289
144	290
144	295
144	318
144	322
144	338
144	341
144	342
144	369
144	395
144	398
144	430
144	433
144	439
144	448
144	452
144	459
144	461
144	464
144	466
144	485
144	488
144	496
144	500
144	504
145	183
145	184
145	196
145	197
145	199
145	203
145	205
145	206
145	207
145	209
145	210
145	212
145	215
145	223
145	238
145	241
145	245
145	253
145	254
145	287
145	289
145	320
145	321
145	336
145	337
145	338
145	342
145	344
145	370
145	396
145	397
145	432
145	439
145	449
145	450
145	451
145	455
145	458
145	461
145	465
145	485
145	497
145	498
145	499
145	504
146	181
146	182
146	185
146	201
146	202
146	204
146	205
146	208
146	216
146	217
146	223
146	239
146	240
146	241
146	244
146	251
146	252
146	286
146	288
146	290
146	321
146	337
146	342
146	343
146	367
146	369
146	388
146	398
146	432
146	438
146	447
146	451
146	454
146	457
146	458
146	462
146	464
146	466
146	468
146	469
146	484
146	485
146	496
146	500
147	179
147	180
147	184
147	202
147	204
147	208
147	217
147	224
147	240
147	242
147	243
147	251
147	291
147	322
147	332
147	336
147	337
147	343
147	368
147	370
147	371
147	387
147	388
147	397
147	398
147	401
147	403
147	433
147	437
147	447
147	452
147	453
147	454
147	456
147	464
147	467
147	483
147	492
147	494
147	495
147	501
148	178
148	180
148	185
148	204
148	207
148	208
148	217
148	225
148	226
148	237
148	239
148	240
148	242
148	251
148	291
148	323
148	332
148	335
148	369
148	372
148	388
148	398
148	399
148	401
148	402
148	432
148	434
148	435
148	438
148	439
148	442
148	445
148	446
148	451
148	455
148	464
148	468
148	470
148	478
148	481
148	482
148	491
148	494
148	495
148	502
149	177
149	186
149	204
149	209
149	218
149	225
149	232
149	236
149	237
149	238
149	241
149	251
149	288
149	290
149	292
149	322
149	333
149	334
149	335
149	367
149	369
149	373
149	389
149	392
149	394
149	400
149	427
149	429
149	430
149	431
149	435
149	438
149	440
149	443
149	445
149	448
149	449
149	450
149	454
149	469
149	477
149	480
149	483
149	486
149	491
149	494
149	496
149	498
149	502
149	503
149	504
150	173
150	176
150	209
150	217
150	218
150	220
150	225
150	226
150	232
150	237
150	250
150	255
150	264
150	267
150	289
150	290
150	291
150	292
150	297
150	298
150	322
150	336
150	342
150	368
150	390
150	392
150	393
150	399
150	428
150	435
150	439
150	444
150	446
150	447
150	448
150	451
150	454
150	457
150	470
150	472
150	473
150	474
150	475
150	476
150	478
150	479
150	484
150	485
150	487
150	488
150	490
150	492
150	493
150	497
150	498
150	499
151	171
151	172
151	174
151	175
151	176
151	209
151	210
151	219
151	225
151	226
151	227
151	231
151	233
151	236
151	241
151	250
151	252
151	256
151	262
151	263
151	265
151	266
151	289
151	293
151	296
151	297
151	298
151	322
151	336
151	342
151	367
151	369
151	370
151	390
151	391
151	392
151	393
151	399
151	434
151	435
151	438
151	443
151	444
151	448
151	452
151	455
151	456
151	471
151	475
151	485
151	489
151	493
151	499
152	173
152	210
152	211
152	212
152	216
152	217
152	218
152	227
152	232
152	235
152	238
152	240
152	249
152	251
152	255
152	256
152	261
152	293
152	294
152	295
152	321
152	322
152	335
152	340
152	342
152	364
152	365
152	368
152	370
152	389
152	391
152	393
152	398
152	435
152	437
152	438
152	443
152	444
152	449
152	450
152	452
152	455
152	456
152	470
152	476
152	486
152	489
152	494
152	496
152	499
153	172
153	212
153	218
153	227
153	231
153	233
153	234
153	236
153	237
153	239
153	251
153	255
153	261
153	292
153	294
153	316
153	317
153	319
153	321
153	322
153	335
153	339
153	341
153	366
153	367
153	368
153	370
153	388
153	392
153	394
153	395
153	396
153	397
153	398
153	432
153	433
153	436
153	438
153	439
153	440
153	441
153	442
153	448
153	451
153	452
153	469
153	477
153	478
153	483
153	486
153	490
153	495
153	496
153	498
154	207
154	208
154	210
154	211
154	213
154	216
154	217
154	228
154	230
154	234
154	252
154	255
154	258
154	262
154	293
154	295
154	306
154	307
154	308
154	316
154	320
154	334
154	336
154	337
154	339
154	344
154	369
154	370
154	372
154	393
154	397
154	398
154	434
154	435
154	437
154	438
154	440
154	442
154	447
154	452
154	453
154	470
154	476
154	479
154	482
154	485
154	490
154	491
154	494
154	497
155	209
155	212
155	213
155	214
155	215
155	217
155	229
155	231
155	251
155	254
155	256
155	259
155	261
155	291
155	292
155	293
155	296
155	306
155	317
155	319
155	320
155	332
155	333
155	338
155	343
155	370
155	371
155	388
155	389
155	392
155	397
155	435
155	436
155	442
155	448
155	452
155	471
155	478
155	480
155	481
155	482
155	486
155	493
155	498
155	499
155	511
156	215
156	216
156	228
156	241
156	251
156	254
156	260
156	262
156	287
156	292
156	293
156	294
156	304
156	305
156	318
156	334
156	336
156	337
156	343
156	369
156	372
156	387
156	390
156	391
156	393
156	417
156	435
156	442
156	449
156	450
156	452
156	471
156	476
156	477
156	481
156	486
156	500
156	502
156	510
157	212
157	214
157	216
157	217
157	228
157	235
157	240
157	251
157	254
157	256
157	259
157	261
157	286
157	287
157	293
157	294
157	304
157	318
157	321
157	335
157	337
157	342
157	343
157	344
157	370
157	372
157	373
157	390
157	391
157	416
157	418
157	419
157	435
157	442
157	449
157	472
157	482
157	484
157	501
157	503
157	505
157	509
158	135
158	213
158	216
158	219
158	220
158	221
158	222
158	229
158	235
158	239
158	244
158	245
158	252
158	253
158	255
158	257
158	258
158	287
158	288
158	294
158	300
158	301
158	303
158	316
158	317
158	322
158	335
158	336
158	342
158	345
158	368
158	371
158	375
158	390
158	416
158	417
158	418
158	430
158	435
158	442
158	444
158	448
158	472
158	480
158	481
158	483
158	501
158	504
158	506
158	508
159	135
159	137
159	217
159	220
159	230
159	234
159	238
159	239
159	245
159	251
159	259
159	289
159	293
159	294
159	295
159	300
159	301
159	302
159	307
159	314
159	315
159	318
159	321
159	324
159	325
159	337
159	342
159	344
159	367
159	369
159	370
159	371
159	374
159	389
159	417
159	431
159	433
159	434
159	436
159	443
159	444
159	445
159	483
159	501
159	505
159	507
160	136
160	146
160	215
160	216
160	217
160	220
160	222
160	223
160	229
160	234
160	237
160	243
160	244
160	245
160	246
160	248
160	249
160	250
160	252
160	254
160	290
160	291
160	292
160	294
160	301
160	308
160	319
160	320
160	322
160	323
160	336
160	337
160	343
160	346
160	371
160	372
160	374
160	386
160	390
160	417
160	418
160	431
160	433
160	442
160	484
160	502
160	503
160	505
160	508
161	1
161	2
161	136
161	146
161	214
161	218
161	219
161	220
161	221
161	223
161	229
161	234
161	236
161	242
161	247
161	248
161	251
161	253
161	255
161	288
161	290
161	295
161	302
161	308
161	322
161	335
161	336
161	342
161	343
161	346
161	370
161	371
161	373
161	384
161	385
161	390
161	391
161	419
161	431
161	432
161	434
161	435
161	443
161	483
161	485
161	503
161	506
162	0
162	1
162	2
162	3
162	135
162	136
162	138
162	145
162	146
162	151
162	223
162	224
162	228
162	235
162	237
162	238
162	243
162	247
162	255
162	289
162	295
162	296
162	297
162	298
162	302
162	307
162	321
162	322
162	336
162	341
162	344
162	345
162	347
162	362
162	363
162	368
162	369
162	385
162	389
162	418
162	420
162	431
162	435
162	443
162	486
162	503
163	134
163	137
163	144
163	150
163	225
163	228
163	236
163	243
163	293
163	295
163	298
163	302
163	306
163	307
163	318
163	319
163	320
163	321
163	333
163	337
163	338
163	339
163	340
163	342
163	343
163	364
163	365
163	367
163	384
163	385
163	386
163	389
163	421
163	422
163	430
163	432
163	503
163	510
163	511
164	138
164	139
164	143
164	144
164	149
164	150
164	226
164	229
164	230
164	235
164	236
164	243
164	294
164	299
164	300
164	303
164	305
164	317
164	321
164	332
164	336
164	338
164	364
164	365
164	366
164	379
164	386
164	388
164	421
164	424
164	426
164	429
164	502
164	504
164	508
164	509
164	511
165	140
165	142
165	143
165	145
165	149
165	151
165	227
165	229
165	234
165	237
165	242
165	243
165	244
165	300
165	301
165	304
165	322
165	331
165	333
165	335
165	338
165	361
165	363
165	365
165	378
165	387
165	389
165	422
165	424
165	425
165	429
165	430
165	431
165	505
165	507
166	141
166	146
166	150
166	228
166	231
166	233
166	235
166	238
166	241
166	244
166	300
166	302
166	303
166	323
166	334
166	362
166	366
166	378
166	385
166	386
166	397
166	410
166	422
166	423
166	424
166	428
166	432
166	506
167	147
167	148
167	149
167	207
167	210
167	227
167	232
167	239
167	240
167	300
167	301
167	302
167	303
167	304
167	323
167	334
167	366
167	367
167	377
167	385
167	386
167	397
167	411
167	425
167	426
167	427
167	428
167	433
167	505
168	146
168	149
168	150
168	207
168	209
168	215
168	216
168	226
168	228
168	231
168	232
168	241
168	242
168	294
168	299
168	300
168	322
168	323
168	325
168	334
168	367
168	378
168	384
168	397
168	412
168	420
168	424
168	426
168	505
168	506
169	151
169	208
169	216
169	217
169	225
169	227
169	231
169	241
169	295
169	298
169	301
169	324
169	334
169	335
169	368
169	379
169	380
169	384
169	396
169	398
169	399
169	402
169	411
169	412
169	413
169	415
169	416
169	421
169	423
169	425
169	506
169	507
169	508
169	510
169	511
170	150
170	208
170	214
170	215
170	221
170	228
170	230
170	231
170	232
170	233
170	234
170	242
170	291
170	294
170	296
170	299
170	300
170	301
170	325
170	326
170	333
170	335
170	368
170	379
170	385
170	396
170	400
170	401
170	413
170	414
170	415
170	416
170	422
170	423
170	424
170	426
170	427
170	429
170	505
170	508
170	509
171	150
171	151
171	154
171	183
171	209
171	216
171	217
171	219
171	220
171	223
171	227
171	229
171	233
171	243
171	244
171	245
171	292
171	297
171	299
171	326
171	327
171	333
171	336
171	368
171	378
171	379
171	385
171	386
171	396
171	417
171	420
171	421
171	428
171	506
171	510
172	152
172	153
172	182
172	183
172	184
172	208
172	209
172	214
172	216
172	218
172	221
172	222
172	227
172	228
172	246
172	247
172	292
172	294
172	295
172	296
172	298
172	300
172	327
172	330
172	332
172	335
172	367
172	370
172	377
172	379
172	385
172	390
172	395
172	396
172	418
172	419
172	504
172	505
172	509
172	510
173	135
173	136
173	137
173	152
173	182
173	184
173	210
173	215
173	219
173	220
173	221
173	222
173	226
173	229
173	231
173	293
173	300
173	301
173	302
173	303
173	328
173	330
173	331
173	367
173	371
173	373
173	374
173	378
173	379
173	384
173	391
173	395
173	417
173	418
173	426
173	427
173	505
173	508
173	511
174	138
174	153
174	154
174	185
174	207
174	210
174	211
174	223
174	225
174	227
174	230
174	301
174	328
174	331
174	368
174	369
174	372
174	379
174	382
174	385
174	386
174	387
174	392
174	395
174	418
174	425
174	426
174	506
174	507
174	508
174	511
175	138
175	153
175	179
175	180
175	181
175	184
175	208
175	209
175	212
175	224
175	230
175	297
175	302
175	327
175	329
175	331
175	368
175	370
175	371
175	377
175	378
175	383
175	384
175	393
175	394
175	416
175	417
175	424
175	426
175	429
175	504
175	505
175	508
176	137
176	139
176	142
176	150
176	153
176	181
176	184
176	211
176	213
176	220
176	223
176	297
176	303
176	304
176	305
176	306
176	307
176	330
176	372
176	374
176	379
176	380
176	382
176	394
176	418
176	419
176	420
176	423
176	425
176	427
176	429
176	507
177	118
177	119
177	136
177	140
177	141
177	151
177	153
177	182
177	184
177	196
177	214
177	215
177	221
177	222
177	293
177	296
177	298
177	303
177	331
177	332
177	373
177	380
177	381
177	382
177	383
177	394
177	415
177	419
177	422
177	423
177	426
177	428
177	429
178	119
178	142
178	146
178	149
178	150
178	152
178	154
178	182
178	184
178	187
178	195
178	209
178	214
178	222
178	294
178	295
178	299
178	302
178	313
178	330
178	331
178	374
178	377
178	381
178	393
178	394
178	414
178	419
178	420
178	421
179	119
179	120
179	143
179	145
179	146
179	149
179	150
179	151
179	155
179	180
179	181
179	182
179	183
179	187
179	194
179	208
179	210
179	211
179	213
179	215
179	223
179	298
179	300
179	301
179	314
179	330
179	332
179	333
179	375
179	376
179	380
179	392
179	395
179	412
179	413
179	415
179	418
179	433
179	467
180	116
180	117
180	118
180	120
180	127
180	142
180	143
180	144
180	145
180	148
180	184
180	186
180	193
180	194
180	195
180	212
180	215
180	223
180	301
180	312
180	313
180	314
180	329
180	330
180	334
180	335
180	375
180	379
180	393
180	396
180	414
180	419
180	423
180	433
180	440
180	467
181	120
181	121
181	127
181	129
181	141
181	142
181	145
181	146
181	147
181	185
181	187
181	194
181	205
181	211
181	212
181	216
181	218
181	221
181	222
181	232
181	233
181	299
181	300
181	302
181	303
181	315
181	326
181	328
181	329
181	334
181	376
181	378
181	379
181	390
181	392
181	415
181	419
181	421
181	422
181	423
181	433
181	439
181	461
181	462
181	466
182	121
182	122
182	125
182	126
182	128
182	148
182	185
182	186
182	193
182	194
182	206
182	210
182	217
182	219
182	220
182	221
182	222
182	231
182	233
182	302
182	316
182	318
182	325
182	326
182	327
182	328
182	377
182	378
182	391
182	395
182	412
182	413
182	415
182	418
182	420
182	423
182	428
182	432
182	435
182	438
182	460
182	463
182	464
182	465
182	468
183	119
183	122
183	127
183	147
183	148
183	152
183	186
183	187
183	188
183	191
183	193
183	196
183	197
183	198
183	199
183	202
183	203
183	205
183	206
183	218
183	220
183	223
183	224
183	229
183	230
183	231
183	234
183	301
183	303
183	317
183	325
183	371
183	376
183	377
183	378
183	391
183	394
183	414
183	416
183	417
183	418
183	424
183	425
183	427
183	428
183	431
183	434
183	439
183	461
183	462
183	466
183	467
183	468
183	469
184	118
184	119
184	120
184	121
184	123
184	128
184	146
184	149
184	150
184	151
184	187
184	188
184	190
184	192
184	194
184	195
184	197
184	203
184	204
184	207
184	222
184	224
184	229
184	232
184	233
184	234
184	303
184	318
184	323
184	324
184	363
184	371
184	375
184	391
184	393
184	411
184	415
184	425
184	426
184	429
184	430
184	433
184	438
184	440
184	451
184	460
184	463
184	467
184	469
184	470
184	471
184	472
185	121
185	124
185	126
185	127
185	150
185	152
185	188
185	189
185	194
185	196
185	198
185	205
185	206
185	207
185	225
185	229
185	303
185	319
185	324
185	364
185	372
185	373
185	376
185	389
185	392
185	394
185	411
185	414
185	427
185	430
185	431
185	432
185	434
185	435
185	438
185	452
185	455
185	459
185	467
185	471
185	472
186	120
186	125
186	126
186	151
186	154
186	188
186	199
186	208
186	225
186	228
186	230
186	231
186	301
186	302
186	317
186	318
186	320
186	323
186	324
186	362
186	365
186	373
186	374
186	375
186	390
186	392
186	395
186	411
186	414
186	427
186	428
186	429
186	435
186	439
186	440
186	442
186	452
186	455
186	459
186	460
186	466
186	467
186	468
186	473
187	119
187	120
187	127
187	128
187	138
187	143
187	151
187	152
187	153
187	187
187	195
187	198
187	200
187	207
187	223
187	225
187	227
187	298
187	301
187	316
187	320
187	324
187	363
187	366
187	373
187	376
187	387
187	389
187	391
187	411
187	413
187	428
187	429
187	434
187	436
187	437
187	438
187	441
187	452
187	453
187	454
187	457
187	458
187	461
187	463
187	472
188	120
188	121
188	122
188	128
188	137
188	143
188	144
188	153
188	159
188	161
188	196
188	197
188	201
188	204
188	206
188	224
188	226
188	228
188	229
188	299
188	300
188	302
188	319
188	323
188	325
188	326
188	327
188	329
188	364
188	367
188	371
188	372
188	373
188	388
188	390
188	392
188	412
188	421
188	428
188	436
188	440
188	441
188	444
188	451
188	455
188	456
188	461
188	462
189	117
189	119
189	123
189	127
189	138
189	143
189	144
189	147
189	148
189	149
189	151
189	154
189	160
189	202
189	203
189	205
189	206
189	212
189	221
189	223
189	230
189	231
189	299
189	303
189	320
189	321
189	323
189	324
189	328
189	330
189	365
189	367
189	371
189	372
189	389
189	390
189	391
189	401
189	411
189	420
189	428
189	442
189	443
189	445
189	449
189	450
189	457
189	461
190	116
190	118
190	121
190	122
190	123
190	127
190	138
190	142
190	145
190	150
190	152
190	153
190	160
190	178
190	204
190	205
190	207
190	208
190	213
190	222
190	232
190	233
190	234
190	303
190	322
190	323
190	364
190	366
190	371
190	388
190	390
190	394
190	400
190	404
190	410
190	418
190	419
190	443
190	446
190	448
190	450
190	451
190	452
191	115
191	122
191	123
191	124
191	125
191	126
191	127
191	139
191	146
191	148
191	152
191	154
191	161
191	162
191	173
191	179
191	209
191	212
191	215
191	221
191	303
191	306
191	307
191	308
191	323
191	363
191	364
191	365
191	367
191	370
191	382
191	388
191	389
191	391
191	392
191	393
191	401
191	402
191	403
191	410
191	415
191	417
191	419
191	435
191	440
191	441
191	442
191	445
191	447
191	453
191	454
192	128
192	134
192	139
192	143
192	144
192	145
192	147
192	149
192	151
192	153
192	162
192	172
192	173
192	180
192	198
192	199
192	200
192	203
192	210
192	211
192	214
192	215
192	216
192	220
192	222
192	223
192	301
192	302
192	304
192	306
192	309
192	321
192	323
192	324
192	363
192	367
192	368
192	369
192	382
192	387
192	392
192	402
192	405
192	409
192	411
192	412
192	413
192	416
192	418
192	434
192	448
192	454
192	455
192	456
192	457
192	462
193	129
193	130
193	133
193	134
193	139
193	145
193	150
193	153
193	154
193	161
193	172
193	181
193	196
193	197
193	201
193	204
193	212
193	215
193	216
193	222
193	303
193	305
193	320
193	322
193	324
193	366
193	368
193	372
193	382
193	383
193	384
193	385
193	386
193	392
193	393
193	394
193	401
193	403
193	404
193	406
193	407
193	408
193	409
193	414
193	415
193	416
193	419
193	422
193	430
193	431
193	433
193	449
193	454
193	455
193	456
193	458
193	461
193	462
194	131
194	132
194	135
194	137
194	140
194	142
194	143
194	145
194	152
194	154
194	159
194	160
194	167
194	172
194	180
194	181
194	199
194	200
194	205
194	210
194	212
194	215
194	216
194	222
194	233
194	302
194	321
194	325
194	326
194	327
194	328
194	367
194	368
194	369
194	373
194	376
194	379
194	380
194	381
194	385
194	394
194	395
194	396
194	397
194	398
194	399
194	400
194	402
194	404
194	413
194	415
194	416
194	420
194	421
194	429
194	432
194	449
194	450
194	455
194	459
194	461
194	463
195	136
195	138
195	139
195	141
195	144
195	151
195	155
195	159
195	168
195	172
195	180
195	201
195	205
195	206
195	210
195	212
195	214
195	215
195	216
195	223
195	228
195	229
195	231
195	233
195	299
195	300
195	301
195	320
195	326
195	370
195	374
195	375
195	376
195	380
195	393
195	400
195	402
195	411
195	412
195	414
195	417
195	422
195	424
195	428
195	448
195	449
195	455
195	458
195	460
195	462
196	115
196	126
196	137
196	140
196	143
196	150
196	155
196	156
196	157
196	158
196	167
196	172
196	177
196	179
196	198
196	201
196	202
196	204
196	207
196	208
196	211
196	212
196	213
196	217
196	223
196	229
196	230
196	231
196	232
196	294
196	300
196	301
196	302
196	316
196	320
196	370
196	373
196	376
196	377
196	379
196	380
196	392
196	394
196	399
196	400
196	403
196	413
196	418
196	423
196	427
196	445
196	446
196	447
196	450
197	110
197	116
197	126
197	127
197	128
197	133
197	135
197	136
197	142
197	150
197	157
197	158
197	167
197	173
197	174
197	178
197	180
197	182
197	189
197	199
197	201
197	203
197	207
197	209
197	210
197	216
197	218
197	219
197	223
197	225
197	229
197	230
197	294
197	300
197	303
197	317
197	318
197	320
197	371
197	372
197	378
197	380
197	395
197	413
197	422
197	424
197	425
197	426
197	428
197	448
197	450
198	110
198	112
198	116
198	117
198	124
198	125
198	127
198	129
198	130
198	131
198	134
198	137
198	141
198	142
198	150
198	157
198	159
198	160
198	162
198	168
198	175
198	179
198	180
198	181
198	190
198	192
198	199
198	200
198	202
198	205
198	206
198	209
198	215
198	219
198	222
198	226
198	227
198	228
198	277
198	292
198	293
198	303
198	304
198	305
198	317
198	319
198	320
198	322
198	370
198	378
198	381
198	394
198	396
198	412
198	422
198	423
198	426
198	428
198	430
198	431
198	449
198	451
199	111
199	116
199	117
199	119
199	121
199	132
199	133
199	134
199	138
199	142
199	154
199	157
199	160
199	162
199	169
199	174
199	181
199	191
199	193
199	196
199	201
199	204
199	218
199	220
199	221
199	222
199	225
199	228
199	276
199	293
199	294
199	303
199	319
199	321
199	371
199	379
199	382
199	383
199	385
199	393
199	395
199	396
199	411
199	420
199	421
199	424
199	426
199	429
199	430
199	432
199	433
199	434
199	435
199	449
200	112
200	117
200	119
200	120
200	128
200	131
200	138
200	143
200	155
200	156
200	161
200	166
200	169
200	171
200	172
200	174
200	179
200	180
200	182
200	191
200	194
200	195
200	197
200	200
200	204
200	221
200	223
200	224
200	227
200	277
200	294
200	303
200	304
200	305
200	318
200	319
200	369
200	370
200	379
200	384
200	395
200	397
200	410
200	411
200	420
200	423
200	424
200	425
200	427
200	433
200	436
200	449
200	450
201	112
201	118
201	120
201	121
201	128
201	130
201	132
201	136
201	137
201	138
201	143
201	154
201	158
201	159
201	160
201	162
201	163
201	165
201	166
201	170
201	171
201	173
201	174
201	181
201	192
201	193
201	194
201	196
201	198
201	199
201	200
201	201
201	225
201	226
201	275
201	277
201	281
201	282
201	292
201	293
201	301
201	302
201	305
201	318
201	319
201	370
201	378
201	384
201	385
201	395
201	419
201	421
201	427
201	428
201	429
201	433
201	450
202	111
202	112
202	117
202	122
202	129
202	137
202	144
202	152
202	153
202	160
202	161
202	164
202	166
202	169
202	175
202	176
202	182
202	183
202	184
202	185
202	190
202	191
202	200
202	225
202	235
202	276
202	280
202	281
202	292
202	300
202	301
202	303
202	304
202	318
202	369
202	371
202	372
202	379
202	383
202	386
202	418
202	421
202	426
202	428
202	451
202	452
202	457
203	111
203	113
203	114
203	115
203	116
203	123
203	125
203	126
203	127
203	128
203	129
203	131
203	145
203	154
203	163
203	165
203	167
203	168
203	175
203	177
203	180
203	181
203	185
203	186
203	189
203	190
203	199
203	225
203	234
203	235
203	270
203	277
203	279
203	280
203	293
203	300
203	317
203	334
203	341
203	344
203	369
203	373
203	384
203	387
203	420
203	427
203	451
203	453
203	454
203	456
203	457
203	458
203	463
204	112
204	116
204	124
204	128
204	130
204	168
204	177
204	179
204	181
204	187
204	188
204	189
204	224
204	228
204	233
204	269
204	278
204	293
204	296
204	300
204	316
204	327
204	335
204	341
204	342
204	343
204	344
204	345
204	346
204	361
204	368
204	373
204	384
204	419
204	428
204	429
204	430
204	451
204	455
204	457
204	462
204	464
204	465
204	466
205	123
205	168
205	176
205	178
205	186
205	190
205	223
205	225
205	227
205	233
205	270
205	271
205	272
205	275
205	277
205	294
205	295
205	296
205	298
205	299
205	316
205	317
205	326
205	333
205	334
205	340
205	341
205	345
205	356
205	362
205	363
205	366
205	367
205	373
205	374
205	385
205	386
205	417
205	419
205	427
205	430
205	431
205	450
205	457
205	459
205	461
205	467
205	468
206	123
206	162
206	166
206	167
206	175
206	177
206	189
206	222
206	226
206	227
206	232
206	234
206	235
206	269
206	273
206	274
206	276
206	296
206	297
206	315
206	316
206	323
206	325
206	333
206	335
206	341
206	356
206	361
206	364
206	365
206	372
206	375
206	385
206	416
206	418
206	420
206	427
206	432
206	433
206	451
206	458
206	460
206	468
207	100
207	105
207	106
207	122
207	124
207	152
207	163
207	165
207	167
207	168
207	174
207	177
207	178
207	190
207	226
207	230
207	231
207	240
207	245
207	274
207	277
207	297
207	299
207	300
207	303
207	316
207	324
207	333
207	341
207	355
207	361
207	364
207	366
207	376
207	384
207	418
207	428
207	432
207	434
207	450
207	458
208	101
208	105
208	125
208	151
208	152
208	162
208	164
208	165
208	172
208	173
208	176
208	190
208	227
208	228
208	229
208	239
208	243
208	244
208	278
208	294
208	295
208	297
208	298
208	303
208	315
208	323
208	333
208	342
208	352
208	354
208	355
208	356
208	357
208	360
208	361
208	362
208	363
208	366
208	375
208	385
208	386
208	417
208	431
208	450
208	462
208	465
209	102
209	105
209	124
209	125
209	126
209	151
209	153
209	155
209	161
209	171
209	174
209	223
209	227
209	238
209	240
209	241
209	242
209	277
209	280
209	285
209	286
209	294
209	296
209	298
209	300
209	303
209	314
209	322
209	332
209	341
209	343
209	353
209	355
209	359
209	361
209	364
209	414
209	416
209	418
209	419
209	430
209	432
209	450
209	461
209	463
209	464
210	103
210	104
210	123
210	125
210	154
210	155
210	169
210	170
210	175
210	222
210	224
210	227
210	236
210	237
210	238
210	239
210	242
210	275
210	276
210	277
210	278
210	280
210	282
210	284
210	297
210	298
210	300
210	302
210	305
210	315
210	322
210	333
210	335
210	340
210	348
210	356
210	357
210	358
210	415
210	418
210	430
210	433
210	448
210	450
210	451
210	452
210	454
210	457
210	458
210	459
210	460
210	462
211	102
211	105
211	123
211	152
211	153
211	156
211	166
211	168
211	221
211	225
211	227
211	236
211	243
211	276
211	279
211	282
211	285
211	299
211	303
211	305
211	308
211	316
211	318
211	320
211	321
211	329
211	333
211	334
211	339
211	347
211	355
211	415
211	418
211	429
211	434
211	449
211	450
211	453
211	456
211	458
211	463
212	105
212	106
212	113
212	116
212	120
212	121
212	122
212	124
212	157
212	158
212	167
212	169
212	219
212	220
212	221
212	226
212	232
212	233
212	235
212	236
212	244
212	279
212	280
212	281
212	282
212	283
212	284
212	299
212	300
212	301
212	302
212	306
212	307
212	317
212	319
212	327
212	329
212	332
212	338
212	346
212	349
212	353
212	354
212	355
212	414
212	417
212	418
212	429
212	449
212	453
212	454
212	455
212	456
212	458
212	462
213	104
213	106
213	107
213	114
213	116
213	117
213	118
213	119
213	123
213	125
213	156
213	159
213	166
213	167
213	220
213	225
213	226
213	227
213	233
213	234
213	245
213	246
213	247
213	281
213	282
213	296
213	297
213	299
213	302
213	304
213	305
213	317
213	328
213	330
213	331
213	338
213	346
213	350
213	351
213	352
213	358
213	364
213	449
213	452
214	108
214	109
214	113
214	115
214	118
214	123
214	156
214	160
214	161
214	163
214	164
214	165
214	168
214	228
214	231
214	232
214	279
214	280
214	295
214	298
214	300
214	303
214	306
214	307
214	316
214	322
214	326
214	328
214	335
214	336
214	338
214	347
214	350
214	352
214	357
214	361
214	362
214	363
214	364
214	365
214	449
214	452
214	457
215	110
215	112
215	119
215	124
215	151
215	152
215	162
215	166
215	229
215	231
215	281
215	283
215	299
215	301
215	304
215	308
215	316
215	318
215	323
215	324
215	325
215	327
215	329
215	333
215	335
215	337
215	339
215	340
215	346
215	348
215	349
215	350
215	352
215	353
215	354
215	355
215	357
215	360
215	366
215	447
215	448
215	453
215	455
215	456
216	108
216	109
216	111
216	113
216	118
216	150
216	151
216	153
216	160
216	161
216	162
216	167
216	207
216	209
216	229
216	232
216	280
216	282
216	299
216	301
216	304
216	309
216	311
216	313
216	314
216	315
216	317
216	318
216	319
216	320
216	322
216	326
216	330
216	331
216	334
216	335
216	336
216	338
216	341
216	345
216	351
216	356
216	357
216	358
216	359
216	453
216	454
216	457
217	106
217	107
217	111
217	118
217	154
217	156
217	157
217	158
217	159
217	162
217	163
217	190
217	208
217	228
217	232
217	235
217	283
217	285
217	298
217	301
217	310
217	312
217	315
217	318
217	321
217	332
217	333
217	335
217	339
217	342
217	343
217	344
217	346
217	351
217	358
217	451
217	452
217	453
218	103
218	104
218	105
218	107
218	112
218	118
218	119
218	120
218	152
218	153
218	154
218	155
218	159
218	160
218	164
218	191
218	208
218	226
218	229
218	232
218	233
218	234
218	276
218	283
218	284
218	297
218	299
218	309
218	317
218	321
218	331
218	332
218	343
218	347
218	349
218	350
218	351
218	359
218	360
218	450
218	453
218	454
218	456
218	457
219	102
219	105
219	112
219	117
219	118
219	152
219	156
219	159
219	164
219	192
219	209
219	211
219	227
219	229
219	231
219	276
219	278
219	283
219	293
219	295
219	297
219	309
219	310
219	321
219	323
219	324
219	325
219	332
219	349
219	352
219	360
219	362
219	449
219	452
219	455
219	458
220	112
220	113
220	117
220	118
220	151
220	155
220	159
220	165
220	191
220	210
220	227
220	229
220	230
220	231
220	274
220	275
220	277
220	283
220	294
220	297
220	309
220	320
220	322
220	331
220	351
220	353
220	361
220	444
220	447
220	448
220	453
220	457
221	152
221	153
221	154
221	155
221	164
221	165
221	192
221	208
221	209
221	210
221	228
221	232
221	268
221	275
221	276
221	278
221	279
221	282
221	284
221	291
221	295
221	296
221	308
221	309
221	320
221	321
221	326
221	352
221	353
221	359
221	360
221	362
221	445
221	446
221	452
221	454
222	151
222	154
222	163
222	191
222	207
222	210
222	227
222	233
222	262
222	269
222	279
222	283
222	292
222	294
222	296
222	298
222	306
222	307
222	322
222	325
222	354
222	355
222	363
222	365
222	366
223	150
223	152
223	155
223	164
223	192
223	194
223	197
223	201
223	205
223	206
223	208
223	209
223	210
223	234
223	238
223	256
223	262
223	270
223	277
223	279
223	280
223	281
223	283
223	292
223	293
223	297
223	323
223	324
223	352
223	353
223	355
223	364
223	366
223	367
223	368
223	369
224	155
224	163
224	164
224	186
224	189
224	190
224	192
224	193
224	195
224	196
224	197
224	200
224	201
224	209
224	210
224	212
224	234
224	235
224	236
224	237
224	255
224	259
224	262
224	269
224	278
224	282
224	291
224	292
224	294
224	295
224	323
224	325
224	355
224	356
224	357
224	365
224	366
224	369
225	156
225	162
225	187
225	189
225	190
225	191
225	192
225	194
225	197
225	198
225	199
225	202
225	204
225	207
225	208
225	211
225	233
225	234
225	256
225	260
225	261
225	262
225	269
225	270
225	281
225	290
225	296
225	322
225	326
225	327
225	356
225	365
225	369
226	156
226	161
226	187
226	188
226	193
226	195
226	198
226	200
226	201
226	203
226	205
226	206
226	211
226	212
226	216
226	234
226	251
226	255
226	261
226	270
226	282
226	290
226	291
226	295
226	327
226	328
226	331
226	333
226	356
226	364
226	365
227	157
227	161
227	188
227	191
227	193
227	200
227	201
227	203
227	211
227	213
227	216
227	233
227	251
227	254
227	255
227	260
227	267
227	269
227	283
227	284
227	289
227	292
227	293
227	328
227	329
227	332
227	356
227	357
227	366
227	396
228	192
228	199
228	203
228	204
228	210
228	213
228	214
228	215
228	221
228	232
228	250
228	256
228	261
228	267
228	268
228	269
228	282
228	285
228	286
228	288
228	330
228	331
228	332
228	358
228	366
228	369
228	395
228	412
229	193
229	197
229	198
229	201
229	202
229	209
229	213
229	216
229	222
229	226
229	232
229	237
229	239
229	240
229	244
229	250
229	256
229	262
229	267
229	269
229	279
229	281
229	286
229	287
229	288
229	289
229	329
229	333
229	366
229	367
229	369
229	396
229	410
229	411
230	186
230	192
230	193
230	199
230	201
230	208
230	209
230	217
230	219
230	221
230	223
230	226
230	231
230	238
230	240
230	244
230	245
230	246
230	251
230	257
230	261
230	267
230	270
230	273
230	277
230	280
230	287
230	288
230	290
230	292
230	328
230	330
230	365
230	368
230	370
230	374
230	386
230	392
230	393
230	395
230	396
230	398
230	399
230	409
230	415
231	187
231	191
231	192
231	198
231	207
231	217
231	218
231	220
231	224
231	225
231	226
231	227
231	228
231	231
231	232
231	233
231	234
231	235
231	236
231	237
231	238
231	239
231	240
231	241
231	242
231	243
231	244
231	245
231	246
231	247
231	248
231	249
231	250
231	251
231	252
231	253
231	254
231	255
231	256
231	257
231	258
231	259
231	260
231	261
231	262
231	263
231	264
231	265
231	266
231	267
231	268
231	269
231	270
231	271
231	272
231	273
231	274
231	275
231	276
231	277
231	278
231	279
231	280
231	281
231	284
231	291
231	292
231	326
231	327
231	329
231	332
231	369
231	375
231	387
231	389
231	390
231	391
231	394
231	397
231	398
231	410
231	412
231	415
231	416
232	188
232	190
232	197
232	199
232	208
232	218
232	222
232	223
232	224
232	229
232	230
232	231
232	232
232	233
232	234
232	235
232	236
232	237
232	238
232	239
232	240
232	241
232	242
232	243
232	244
232	245
232	246
232	247
232	248
232	249
232	250
232	251
232	252
232	253
232	254
232	255
232	256
232	257
232	258
232	259
232	260
232	261
232	262
232	263
232	264
232	265
232	266
232	267
232	268
232	269
232	270
232	271
232	272
232	273
232	274
232	275
232	276
232	277
232	278
232	279
232	280
232	281
232	282
232	283
232	290
232	293
232	328
232	330
232	331
232	332
232	335
232	368
232	370
232	371
232	372
232	373
232	374
232	386
232	388
232	392
232	394
232	396
232	399
232	409
232	411
232	413
232	414
233	188
233	189
233	196
233	215
233	217
233	221
233	222
233	228
233	231
233	232
233	233
233	234
233	235
233	236
233	237
233	238
233	239
233	240
233	241
233	242
233	243
233	244
233	245
233	246
233	247
233	248
233	249
233	250
233	251
233	252
233	253
233	254
233	255
233	256
233	257
233	258
233	259
233	260
233	261
233	262
233	263
233	264
233	265
233	266
233	267
233	268
233	269
233	270
233	271
233	272
233	273
233	274
233	275
233	276
233	277
233	278
233	279
233	280
233	281
233	283
233	292
233	327
233	331
233	333
233	334
233	369
233	371
233	385
233	386
233	389
233	399
233	408
233	411
233	414
234	185
234	186
234	187
234	211
234	212
234	214
234	216
234	218
234	231
234	232
234	233
234	234
234	235
234	236
234	237
234	238
234	239
234	240
234	241
234	242
234	243
234	244
234	245
234	246
234	247
234	248
234	249
234	250
234	251
234	252
234	253
234	254
234	255
234	256
234	257
234	258
234	259
234	260
234	261
234	262
234	263
234	264
234	265
234	266
234	267
234	268
234	269
234	270
234	271
234	272
234	273
234	274
234	275
234	276
234	277
234	278
234	279
234	280
234	281
234	326
234	334
234	369
234	384
234	390
234	400
234	404
234	406
234	407
234	408
234	415
235	184
235	213
235	214
235	217
235	231
235	232
235	233
235	234
235	235
235	236
235	237
235	238
235	239
235	240
235	241
235	242
235	243
235	244
235	245
235	246
235	247
235	248
235	249
235	250
235	251
235	252
235	253
235	254
235	255
235	256
235	257
235	258
235	259
235	260
235	261
235	262
235	263
235	264
235	265
235	266
235	267
235	268
235	269
235	270
235	271
235	272
235	273
235	274
235	275
235	276
235	277
235	278
235	279
235	280
235	281
235	326
235	334
235	368
235	370
235	374
235	375
235	382
235	383
235	390
235	400
235	401
235	402
235	403
235	405
235	416
236	215
236	216
236	218
236	231
236	232
236	233
236	234
236	235
236	236
236	237
236	238
236	239
236	240
236	241
236	242
236	243
236	244
236	245
236	246
236	247
236	248
236	249
236	250
236	251
236	252
236	253
236	254
236	255
236	256
236	257
236	258
236	259
236	260
236	261
236	262
236	263
236	264
236	265
236	266
236	267
236	268
236	269
236	270
236	271
236	272
236	273
236	274
236	275
236	276
236	277
236	278
236	279
236	280
236	281
236	282
236	370
236	371
236	373
236	374
236	381
236	383
236	390
236	399
236	406
236	409
236	416
237	215
237	221
237	222
237	229
237	230
237	231
237	232
237	233
237	234
237	235
237	236
237	237
237	238
237	239
237	240
237	241
237	242
237	243
237	244
237	245
237	246
237	247
237	248
237	249
237	250
237	251
237	252
237	253
237	254
237	255
237	256
237	257
237	258
237	259
237	260
237	261
237	262
237	263
237	264
237	265
237	266
237	267
237	268
237	269
237	270
237	271
237	272
237	273
237	274
237	275
237	276
237	277
237	278
237	279
237	280
237	281
237	372
237	377
237	381
237	384
237	391
237	398
237	407
237	408
237	417
237	419
238	214
238	222
238	224
238	229
238	231
238	232
238	233
238	234
238	235
238	236
238	237
238	238
238	239
238	240
238	241
238	242
238	243
238	244
238	245
238	246
238	247
238	248
238	249
238	250
238	251
238	252
238	253
238	254
238	255
238	256
238	257
238	258
238	259
238	260
238	261
238	262
238	263
238	264
238	265
238	266
238	267
238	268
238	269
238	270
238	271
238	272
238	273
238	274
238	275
238	276
238	277
238	278
238	279
238	280
238	281
238	370
238	371
238	372
238	374
238	375
238	376
238	377
238	378
238	379
238	380
238	390
238	408
238	409
238	417
238	418
239	223
239	225
239	228
239	231
239	232
239	233
239	234
239	235
239	236
239	237
239	238
239	239
239	240
239	241
239	242
239	243
239	244
239	245
239	246
239	247
239	248
239	249
239	250
239	251
239	252
239	253
239	254
239	255
239	256
239	257
239	258
239	259
239	260
239	261
239	262
239	263
239	264
239	265
239	266
239	267
239	268
239	269
239	270
239	271
239	272
239	273
239	274
239	275
239	276
239	277
239	278
239	279
239	280
239	281
239	282
239	283
239	365
239	366
239	369
239	372
239	373
239	374
239	375
239	376
239	379
239	381
239	410
239	418
240	210
240	212
240	222
240	223
240	225
240	226
240	227
240	231
240	232
240	233
240	234
240	235
240	236
240	237
240	238
240	239
240	240
240	241
240	242
240	243
240	244
240	245
240	246
240	247
240	248
240	249
240	250
240	251
240	252
240	253
240	254
240	255
240	256
240	257
240	258
240	259
240	260
240	261
240	262
240	263
240	264
240	265
240	266
240	267
240	268
240	269
240	270
240	271
240	272
240	273
240	274
240	275
240	276
240	277
240	278
240	279
240	280
240	281
240	367
240	368
240	374
240	377
240	380
240	382
240	409
241	209
241	211
241	212
241	218
241	221
241	224
241	231
241	232
241	233
241	234
241	235
241	236
241	237
241	238
241	239
241	240
241	241
241	242
241	243
241	244
241	245
241	246
241	247
241	248
241	249
241	250
241	251
241	252
241	253
241	254
241	255
241	256
241	257
241	258
241	259
241	260
241	261
241	262
241	263
241	264
241	265
241	266
241	267
241	268
241	269
241	270
241	271
241	272
241	273
241	274
241	275
241	276
241	277
241	278
241	279
241	280
241	281
241	367
241	369
241	374
241	382
241	383
241	408
241	409
241	410
242	207
242	208
242	212
242	213
242	214
242	215
242	217
242	218
242	219
242	220
242	231
242	232
242	233
242	234
242	235
242	236
242	237
242	238
242	239
242	240
242	241
242	242
242	243
242	244
242	245
242	246
242	247
242	248
242	249
242	250
242	251
242	252
242	253
242	254
242	255
242	256
242	257
242	258
242	259
242	260
242	261
242	262
242	263
242	264
242	265
242	266
242	267
242	268
242	269
242	270
242	271
242	272
242	273
242	274
242	275
242	276
242	277
242	278
242	279
242	280
242	281
242	366
242	369
242	374
242	375
242	376
242	381
242	408
243	205
243	206
243	213
243	216
243	231
243	232
243	233
243	234
243	235
243	236
243	237
243	238
243	239
243	240
243	241
243	242
243	243
243	244
243	245
243	246
243	247
243	248
243	249
243	250
243	251
243	252
243	253
243	254
243	255
243	256
243	257
243	258
243	259
243	260
243	261
243	262
243	263
243	264
243	265
243	266
243	267
243	268
243	269
243	270
243	271
243	272
243	273
243	274
243	275
243	276
243	277
243	278
243	279
243	280
243	281
243	366
243	368
243	374
243	377
243	382
244	204
244	206
244	213
244	230
244	231
244	232
244	233
244	234
244	235
244	236
244	237
244	238
244	239
244	240
244	241
244	242
244	243
244	244
244	245
244	246
244	247
244	248
244	249
244	250
244	251
244	252
244	253
244	254
244	255
244	256
244	257
244	258
244	259
244	260
244	261
244	262
244	263
244	264
244	265
244	266
244	267
244	268
244	269
244	270
244	271
244	272
244	273
244	274
244	275
244	276
244	277
244	278
244	279
244	280
244	281
244	282
244	285
244	286
244	287
244	373
244	377
244	383
244	384
244	385
244	386
245	206
245	212
245	231
245	232
245	233
245	234
245	235
245	236
245	237
245	238
245	239
245	240
245	241
245	242
245	243
245	244
245	245
245	246
245	247
245	248
245	249
245	250
245	251
245	252
245	253
245	254
245	255
245	256
245	257
245	258
245	259
245	260
245	261
245	262
245	263
245	264
245	265
245	266
245	267
245	268
245	269
245	270
245	271
245	272
245	273
245	274
245	275
245	276
245	277
245	278
245	279
245	280
245	281
245	283
245	284
245	372
245	378
246	206
246	210
246	211
246	212
246	231
246	232
246	233
246	234
246	235
246	236
246	237
246	238
246	239
246	240
246	241
246	242
246	243
246	244
246	245
246	246
246	247
246	248
246	249
246	250
246	251
246	252
246	253
246	254
246	255
246	256
246	257
246	258
246	259
246	260
246	261
246	262
246	263
246	264
246	265
246	266
246	267
246	268
246	269
246	270
246	271
246	272
246	273
246	274
246	275
246	276
246	277
246	278
246	279
246	280
246	281
246	284
246	378
246	379
246	380
247	209
247	210
247	212
247	231
247	232
247	233
247	234
247	235
247	236
247	237
247	238
247	239
247	240
247	241
247	242
247	243
247	244
247	245
247	246
247	247
247	248
247	249
247	250
247	251
247	252
247	253
247	254
247	255
247	256
247	257
247	258
247	259
247	260
247	261
247	262
247	263
247	264
247	265
247	266
247	267
247	268
247	269
247	270
247	271
247	272
247	273
247	274
247	275
247	276
247	277
247	278
247	279
247	280
247	281
247	377
247	378
247	379
248	231
248	232
248	233
248	234
248	235
248	236
248	237
248	238
248	239
248	240
248	241
248	242
248	243
248	244
248	245
248	246
248	247
248	248
248	249
248	250
248	251
248	252
248	253
248	254
248	255
248	256
248	257
248	258
248	259
248	260
248	261
248	262
248	263
248	264
248	265
248	266
248	267
248	268
248	269
248	270
248	271
248	272
248	273
248	274
248	275
248	276
248	277
248	278
248	279
248	280
248	281
248	286
248	377
248	380
248	384
248	385
249	231
249	232
249	233
249	234
249	235
249	236
249	237
249	238
249	239
249	240
249	241
249	242
249	243
249	244
249	245
249	246
249	247
249	248
249	249
249	250
249	251
249	252
249	253
249	254
249	255
249	256
249	257
249	258
249	259
249	260
249	261
249	262
249	263
249	264
249	265
249	266
249	267
249	268
249	269
249	270
249	271
249	272
249	273
249	274
249	275
249	276
249	277
249	278
249	279
249	280
249	281
249	286
249	287
249	288
249	381
249	382
249	383
249	384
250	217
250	218
250	231
250	232
250	233
250	234
250	235
250	236
250	237
250	238
250	239
250	240
250	241
250	242
250	243
250	244
250	245
250	246
250	247
250	248
250	249
250	250
250	251
250	252
250	253
250	254
250	255
250	256
250	257
250	258
250	259
250	260
250	261
250	262
250	263
250	264
250	265
250	266
250	267
250	268
250	269
250	270
250	271
250	272
250	273
250	274
250	275
250	276
250	277
250	278
250	279
250	280
250	281
250	283
250	284
250	285
250	287
250	289
250	380
250	385
250	387
250	388
251	219
251	231
251	232
251	233
251	234
251	235
251	236
251	237
251	238
251	239
251	240
251	241
251	242
251	243
251	244
251	245
251	246
251	247
251	248
251	249
251	250
251	251
251	252
251	253
251	254
251	255
251	256
251	257
251	258
251	259
251	260
251	261
251	262
251	263
251	264
251	265
251	266
251	267
251	268
251	269
251	270
251	271
251	272
251	273
251	274
251	275
251	276
251	277
251	278
251	279
251	280
251	281
251	282
251	285
251	288
251	379
251	380
251	385
251	386
251	389
252	218
252	219
252	220
252	221
252	222
252	226
252	231
252	232
252	233
252	234
252	235
252	236
252	237
252	238
252	239
252	240
252	241
252	242
252	243
252	244
252	245
252	246
252	247
252	248
252	249
252	250
252	251
252	252
252	253
252	254
252	255
252	256
252	257
252	258
252	259
252	260
252	261
252	262
252	263
252	264
252	265
252	266
252	267
252	268
252	269
252	270
252	271
252	272
252	273
252	274
252	275
252	276
252	277
252	278
252	279
252	280
252	281
252	286
252	380
253	221
253	223
253	224
253	225
253	231
253	232
253	233
253	234
253	235
253	236
253	237
253	238
253	239
253	240
253	241
253	242
253	243
253	244
253	245
253	246
253	247
253	248
253	249
253	250
253	251
253	252
253	253
253	254
253	255
253	256
253	257
253	258
253	259
253	260
253	261
253	262
253	263
253	264
253	265
253	266
253	267
253	268
253	269
253	270
253	271
253	272
253	273
253	274
253	275
253	276
253	277
253	278
253	279
253	280
253	281
253	282
253	287
253	380
253	381
253	382
253	383
254	220
254	225
254	226
254	227
254	231
254	232
254	233
254	234
254	235
254	236
254	237
254	238
254	239
254	240
254	241
254	242
254	243
254	244
254	245
254	246
254	247
254	248
254	249
254	250
254	251
254	252
254	253
254	254
254	255
254	256
254	257
254	258
254	259
254	260
254	261
254	262
254	263
254	264
254	265
254	266
254	267
254	268
254	269
254	270
254	271
254	272
254	273
254	274
254	275
254	276
254	277
254	278
254	279
254	280
254	281
254	287
254	382
255	218
255	219
255	224
255	226
255	228
255	229
255	230
255	231
255	232
255	233
255	234
255	235
255	236
255	237
255	238
255	239
255	240
255	241
255	242
255	243
255	244
255	245
255	246
255	247
255	248
255	249
255	250
255	251
255	252
255	253
255	254
255	255
255	256
255	257
255	258
255	259
255	260
255	261
255	262
255	263
255	264
255	265
255	266
255	267
255	268
255	269
255	270
255	271
255	272
255	273
255	274
255	275
255	276
255	277
255	278
255	279
255	280
255	281
255	378
255	382
255	390
256	218
256	219
256	224
256	227
256	228
256	231
256	232
256	233
256	234
256	235
256	236
256	237
256	238
256	239
256	240
256	241
256	242
256	243
256	244
256	245
256	246
256	247
256	248
256	249
256	250
256	251
256	252
256	253
256	254
256	255
256	256
256	257
256	258
256	259
256	260
256	261
256	262
256	263
256	264
256	265
256	266
256	267
256	268
256	269
256	270
256	271
256	272
256	273
256	274
256	275
256	276
256	277
256	278
256	279
256	280
256	281
256	379
256	380
256	382
256	383
256	384
256	391
257	216
257	217
257	231
257	232
257	233
257	234
257	235
257	236
257	237
257	238
257	239
257	240
257	241
257	242
257	243
257	244
257	245
257	246
257	247
257	248
257	249
257	250
257	251
257	252
257	253
257	254
257	255
257	256
257	257
257	258
257	259
257	260
257	261
257	262
257	263
257	264
257	265
257	266
257	267
257	268
257	269
257	270
257	271
257	272
257	273
257	274
257	275
257	276
257	277
257	278
257	279
257	280
257	281
257	378
257	381
257	384
257	385
257	390
258	231
258	232
258	233
258	234
258	235
258	236
258	237
258	238
258	239
258	240
258	241
258	242
258	243
258	244
258	245
258	246
258	247
258	248
258	249
258	250
258	251
258	252
258	253
258	254
258	255
258	256
258	257
258	258
258	259
258	260
258	261
258	262
258	263
258	264
258	265
258	266
258	267
258	268
258	269
258	270
258	271
258	272
258	273
258	274
258	275
258	276
258	277
258	278
258	279
258	280
258	281
258	282
258	283
258	285
258	377
258	383
258	386
258	389
259	229
259	231
259	232
259	233
259	234
259	235
259	236
259	237
259	238
259	239
259	240
259	241
259	242
259	243
259	244
259	245
259	246
259	247
259	248
259	249
259	250
259	251
259	252
259	253
259	254
259	255
259	256
259	257
259	258
259	259
259	260
259	261
259	262
259	263
259	264
259	265
259	266
259	267
259	268
259	269
259	270
259	271
259	272
259	273
259	274
259	275
259	276
259	277
259	278
259	279
259	280
259	281
259	284
259	376
259	382
259	383
259	387
259	388
259	389
260	230
260	231
260	232
260	233
260	234
260	235
260	236
260	237
260	238
260	239
260	240
260	241
260	242
260	243
260	244
260	245
260	246
260	247
260	248
260	249
260	250
260	251
260	252
260	253
260	254
260	255
260	256
260	257
260	258
260	259
260	260
260	261
260	262
260	263
260	264
260	265
260	266
260	267
260	268
260	269
260	270
260	271
260	272
260	273
260	274
260	275
260	276
260	277
260	278
260	279
260	280
260	281
260	302
260	306
260	384
260	385
260	388
260	390
260	392
260	393
261	229
261	231
261	232
261	233
261	234
261	235
261	236
261	237
261	238
261	239
261	240
261	241
261	242
261	243
261	244
261	245
261	246
261	247
261	248
261	249
261	250
261	251
261	252
261	253
261	254
261	255
261	256
261	257
261	258
261	259
261	260
261	261
261	262
261	263
261	264
261	265
261	266
261	267
261	268
261	269
261	270
261	271
261	272
261	273
261	274
261	275
261	276
261	277
261	278
261	279
261	280
261	281
261	303
261	306
261	308
261	309
261	383
261	387
261	388
261	391
261	392
262	225
262	228
262	231
262	232
262	233
262	234
262	235
262	236
262	237
262	238
262	239
262	240
262	241
262	242
262	243
262	244
262	245
262	246
262	247
262	248
262	249
262	250
262	251
262	252
262	253
262	254
262	255
262	256
262	257
262	258
262	259
262	260
262	261
262	262
262	263
262	264
262	265
262	266
262	267
262	268
262	269
262	270
262	271
262	272
262	273
262	274
262	275
262	276
262	277
262	278
262	279
262	280
262	281
262	301
262	304
262	305
262	307
262	308
262	383
262	386
262	387
262	391
263	224
263	225
263	226
263	227
263	230
263	231
263	232
263	233
263	234
263	235
263	236
263	237
263	238
263	239
263	240
263	241
263	242
263	243
263	244
263	245
263	246
263	247
263	248
263	249
263	250
263	251
263	252
263	253
263	254
263	255
263	256
263	257
263	258
263	259
263	260
263	261
263	262
263	263
263	264
263	265
263	266
263	267
263	268
263	269
263	270
263	271
263	272
263	273
263	274
263	275
263	276
263	277
263	278
263	279
263	280
263	281
263	302
263	303
263	306
263	382
263	384
263	390
263	392
264	208
264	209
264	231
264	232
264	233
264	234
264	235
264	236
264	237
264	238
264	239
264	240
264	241
264	242
264	243
264	244
264	245
264	246
264	247
264	248
264	249
264	250
264	251
264	252
264	253
264	254
264	255
264	256
264	257
264	258
264	259
264	260
264	261
264	262
264	263
264	264
264	265
264	266
264	267
264	268
264	269
264	270
264	271
264	272
264	273
264	274
264	275
264	276
264	277
264	278
264	279
264	280
264	281
264	302
264	306
264	384
264	389
264	392
265	208
265	209
265	212
265	231
265	232
265	233
265	234
265	235
265	236
265	237
265	238
265	239
265	240
265	241
265	242
265	243
265	244
265	245
265	246
265	247
265	248
265	249
265	250
265	251
265	252
265	253
265	254
265	255
265	256
265	257
265	258
265	259
265	260
265	261
265	262
265	263
265	264
265	265
265	266
265	267
265	268
265	269
265	270
265	271
265	272
265	273
265	274
265	275
265	276
265	277
265	278
265	279
265	280
265	281
265	301
265	306
265	321
265	322
265	388
265	393
265	400
266	199
266	210
266	213
266	214
266	231
266	232
266	233
266	234
266	235
266	236
266	237
266	238
266	239
266	240
266	241
266	242
266	243
266	244
266	245
266	246
266	247
266	248
266	249
266	250
266	251
266	252
266	253
266	254
266	255
266	256
266	257
266	258
266	259
266	260
266	261
266	262
266	263
266	264
266	265
266	266
266	267
266	268
266	269
266	270
266	271
266	272
266	273
266	274
266	275
266	276
266	277
266	278
266	279
266	280
266	281
266	283
266	284
266	290
266	292
266	300
266	307
266	313
266	316
266	317
266	319
266	320
266	322
266	394
266	398
266	399
267	199
267	200
267	203
267	211
267	212
267	214
267	215
267	231
267	232
267	233
267	234
267	235
267	236
267	237
267	238
267	239
267	240
267	241
267	242
267	243
267	244
267	245
267	246
267	247
267	248
267	249
267	250
267	251
267	252
267	253
267	254
267	255
267	256
267	257
267	258
267	259
267	260
267	261
267	262
267	263
267	264
267	265
267	266
267	267
267	268
267	269
267	270
267	271
267	272
267	273
267	274
267	275
267	276
267	277
267	278
267	279
267	280
267	281
267	282
267	285
267	291
267	292
267	293
267	300
267	314
267	315
267	316
267	318
267	395
267	397
268	201
268	203
268	213
268	216
268	231
268	232
268	233
268	234
268	235
268	236
268	237
268	238
268	239
268	240
268	241
268	242
268	243
268	244
268	245
268	246
268	247
268	248
268	249
268	250
268	251
268	252
268	253
268	254
268	255
268	256
268	257
268	258
268	259
268	260
268	261
268	262
268	263
268	264
268	265
268	266
268	267
268	268
268	269
268	270
268	271
268	272
268	273
268	274
268	275
268	276
268	277
268	278
268	279
268	280
268	281
268	286
268	287
268	289
268	291
268	293
268	294
268	296
268	297
268	298
268	300
268	312
268	313
268	315
268	317
268	395
268	396
268	398
268	400
269	198
269	199
269	200
269	201
269	202
269	207
269	213
269	217
269	231
269	232
269	233
269	234
269	235
269	236
269	237
269	238
269	239
269	240
269	241
269	242
269	243
269	244
269	245
269	246
269	247
269	248
269	249
269	250
269	251
269	252
269	253
269	254
269	255
269	256
269	257
269	258
269	259
269	260
269	261
269	262
269	263
269	264
269	265
269	266
269	267
269	268
269	269
269	270
269	271
269	272
269	273
269	274
269	275
269	276
269	277
269	278
269	279
269	280
269	281
269	288
269	289
269	290
269	295
269	299
269	301
269	303
269	312
269	314
269	316
269	399
270	201
270	203
270	207
270	214
270	215
270	216
270	217
270	225
270	230
270	231
270	232
270	233
270	234
270	235
270	236
270	237
270	238
270	239
270	240
270	241
270	242
270	243
270	244
270	245
270	246
270	247
270	248
270	249
270	250
270	251
270	252
270	253
270	254
270	255
270	256
270	257
270	258
270	259
270	260
270	261
270	262
270	263
270	264
270	265
270	266
270	267
270	268
270	269
270	270
270	271
270	272
270	273
270	274
270	275
270	276
270	277
270	278
270	279
270	280
270	281
270	298
270	300
270	302
270	312
270	314
270	397
270	398
271	204
271	208
271	213
271	214
271	215
271	218
271	226
271	231
271	232
271	233
271	234
271	235
271	236
271	237
271	238
271	239
271	240
271	241
271	242
271	243
271	244
271	245
271	246
271	247
271	248
271	249
271	250
271	251
271	252
271	253
271	254
271	255
271	256
271	257
271	258
271	259
271	260
271	261
271	262
271	263
271	264
271	265
271	266
271	267
271	268
271	269
271	270
271	271
271	272
271	273
271	274
271	275
271	276
271	277
271	278
271	279
271	280
271	281
271	301
271	303
271	311
271	315
271	316
271	398
271	399
272	202
272	205
272	208
272	211
272	212
272	216
272	219
272	220
272	221
272	222
272	225
272	231
272	232
272	233
272	234
272	235
272	236
272	237
272	238
272	239
272	240
272	241
272	242
272	243
272	244
272	245
272	246
272	247
272	248
272	249
272	250
272	251
272	252
272	253
272	254
272	255
272	256
272	257
272	258
272	259
272	260
272	261
272	262
272	263
272	264
272	265
272	266
272	267
272	268
272	269
272	270
272	271
272	272
272	273
272	274
272	275
272	276
272	277
272	278
272	279
272	280
272	281
272	282
272	302
272	303
272	310
272	398
272	400
272	401
273	203
273	204
273	207
273	208
273	209
273	210
273	213
273	216
273	219
273	222
273	224
273	231
273	232
273	233
273	234
273	235
273	236
273	237
273	238
273	239
273	240
273	241
273	242
273	243
273	244
273	245
273	246
273	247
273	248
273	249
273	250
273	251
273	252
273	253
273	254
273	255
273	256
273	257
273	258
273	259
273	260
273	261
273	262
273	263
273	264
273	265
273	266
273	267
273	268
273	269
273	270
273	271
273	272
273	273
273	274
273	275
273	276
273	277
273	278
273	279
273	280
273	281
273	283
273	303
273	307
273	309
273	310
273	397
273	401
273	402
273	404
274	201
274	205
274	207
274	214
274	223
274	231
274	232
274	233
274	234
274	235
274	236
274	237
274	238
274	239
274	240
274	241
274	242
274	243
274	244
274	245
274	246
274	247
274	248
274	249
274	250
274	251
274	252
274	253
274	254
274	255
274	256
274	257
274	258
274	259
274	260
274	261
274	262
274	263
274	264
274	265
274	266
274	267
274	268
274	269
274	270
274	271
274	272
274	273
274	274
274	275
274	276
274	277
274	278
274	279
274	280
274	281
274	282
274	308
274	329
274	396
274	400
274	403
275	181
275	188
275	191
275	192
275	202
275	203
275	206
275	223
275	225
275	228
275	229
275	230
275	231
275	232
275	233
275	234
275	235
275	236
275	237
275	238
275	239
275	240
275	241
275	242
275	243
275	244
275	245
275	246
275	247
275	248
275	249
275	250
275	251
275	252
275	253
275	254
275	255
275	256
275	257
275	258
275	259
275	260
275	261
275	262
275	263
275	264
275	265
275	266
275	267
275	268
275	269
275	270
275	271
275	272
275	273
275	274
275	275
275	276
275	277
275	278
275	279
275	280
275	281
275	307
275	309
275	329
275	330
275	331
275	400
276	178
276	179
276	181
276	188
276	192
276	204
276	206
276	224
276	226
276	227
276	231
276	232
276	233
276	234
276	235
276	236
276	237
276	238
276	239
276	240
276	241
276	242
276	243
276	244
276	245
276	246
276	247
276	248
276	249
276	250
276	251
276	252
276	253
276	254
276	255
276	256
276	257
276	258
276	259
276	260
276	261
276	262
276	263
276	264
276	265
276	266
276	267
276	268
276	269
276	270
276	271
276	272
276	273
276	274
276	275
276	276
276	277
276	278
276	279
276	280
276	281
276	296
276	306
276	307
276	309
276	311
276	327
276	330
276	332
276	401
277	178
277	181
277	188
277	189
277	192
277	198
277	199
277	204
277	205
277	223
277	224
277	227
277	231
277	232
277	233
277	234
277	235
277	236
277	237
277	238
277	239
277	240
277	241
277	242
277	243
277	244
277	245
277	246
277	247
277	248
277	249
277	250
277	251
277	252
277	253
277	254
277	255
277	256
277	257
277	258
277	259
277	260
277	261
277	262
277	263
277	264
277	265
277	266
277	267
277	268
277	269
277	270
277	271
277	272
277	273
277	274
277	275
277	276
277	277
277	278
277	279
277	280
277	281
277	294
277	295
277	307
277	308
277	310
277	312
277	328
277	329
277	337
277	400
278	179
278	181
278	190
278	191
278	199
278	200
278	201
278	202
278	203
278	206
278	222
278	227
278	231
278	232
278	233
278	234
278	235
278	236
278	237
278	238
278	239
278	240
278	241
278	242
278	243
278	244
278	245
278	246
278	247
278	248
278	249
278	250
278	251
278	252
278	253
278	254
278	255
278	256
278	257
278	258
278	259
278	260
278	261
278	262
278	263
278	264
278	265
278	266
278	267
278	268
278	269
278	270
278	271
278	272
278	273
278	274
278	275
278	276
278	277
278	278
278	279
278	280
278	281
278	293
278	306
278	311
278	319
278	320
278	325
278	327
278	329
278	332
278	333
278	336
279	170
279	180
279	181
279	184
279	185
279	192
279	196
279	201
279	202
279	206
279	220
279	221
279	225
279	226
279	231
279	232
279	233
279	234
279	235
279	236
279	237
279	238
279	239
279	240
279	241
279	242
279	243
279	244
279	245
279	246
279	247
279	248
279	249
279	250
279	251
279	252
279	253
279	254
279	255
279	256
279	257
279	258
279	259
279	260
279	261
279	262
279	263
279	264
279	265
279	266
279	267
279	268
279	269
279	270
279	271
279	272
279	273
279	274
279	275
279	276
279	277
279	278
279	279
279	280
279	281
279	292
279	300
279	301
279	306
279	319
279	324
279	325
279	326
279	329
279	331
279	337
280	169
280	182
280	184
280	192
280	193
280	194
280	195
280	196
280	197
280	200
280	201
280	206
280	221
280	225
280	231
280	232
280	233
280	234
280	235
280	236
280	237
280	238
280	239
280	240
280	241
280	242
280	243
280	244
280	245
280	246
280	247
280	248
280	249
280	250
280	251
280	252
280	253
280	254
280	255
280	256
280	257
280	258
280	259
280	260
280	261
280	262
280	263
280	264
280	265
280	266
280	267
280	268
280	269
280	270
280	271
280	272
280	273
280	274
280	275
280	276
280	277
280	278
280	279
280	280
280	281
280	282
280	292
280	293
280	294
280	296
280	300
280	303
280	304
280	305
280	308
280	317
280	318
280	320
280	322
280	323
280	326
280	330
280	336
280	337
281	166
281	167
281	168
281	182
281	183
281	185
281	187
281	189
281	190
281	191
281	193
281	198
281	199
281	205
281	207
281	216
281	217
281	219
281	220
281	230
281	231
281	232
281	233
281	234
281	235
281	236
281	237
281	238
281	239
281	240
281	241
281	242
281	243
281	244
281	245
281	246
281	247
281	248
281	249
281	250
281	251
281	252
281	253
281	254
281	255
281	256
281	257
281	258
281	259
281	260
281	261
281	262
281	263
281	264
281	265
281	266
281	267
281	268
281	269
281	270
281	271
281	272
281	273
281	274
281	275
281	276
281	277
281	278
281	279
281	280
281	281
281	283
281	291
281	295
281	297
281	299
281	301
281	302
281	306
281	307
281	316
281	321
281	325
281	331
281	333
281	334
281	336
282	160
282	168
282	169
282	172
282	186
282	187
282	188
282	191
282	194
282	197
282	198
282	218
282	230
282	231
282	236
282	239
282	242
282	248
282	252
282	256
282	260
282	268
282	276
282	279
282	282
282	284
282	286
282	290
282	292
282	295
282	298
282	305
282	308
282	309
282	315
282	317
282	332
282	335
283	147
283	149
283	154
283	160
283	164
283	170
283	173
283	190
283	192
283	197
283	199
283	227
283	228
283	229
283	235
283	240
283	252
283	255
283	261
283	262
283	268
283	269
283	276
283	277
283	283
283	284
283	286
283	287
283	289
283	296
283	298
283	300
283	306
283	308
283	315
283	317
284	146
284	148
284	149
284	155
284	156
284	160
284	165
284	170
284	174
284	176
284	189
284	190
284	196
284	212
284	213
284	229
284	233
284	234
284	239
284	241
284	242
284	251
284	256
284	261
284	262
284	268
284	276
284	277
284	282
284	285
284	287
284	288
284	289
284	297
284	298
284	299
284	306
284	309
284	311
284	314
285	148
285	150
285	155
285	161
285	162
285	163
285	164
285	166
285	170
285	173
285	175
285	188
285	191
285	196
285	204
285	205
285	210
285	211
285	214
285	215
285	226
285	228
285	229
285	230
285	240
285	243
285	250
285	255
285	260
285	267
285	268
285	277
285	282
285	286
285	290
285	291
285	292
285	299
285	307
285	311
285	314
285	316
285	337
286	149
286	150
286	151
286	152
286	156
286	160
286	167
286	169
286	171
286	172
286	174
286	179
286	180
286	187
286	192
286	195
286	206
286	209
286	216
286	217
286	225
286	227
286	228
286	239
286	242
286	249
286	256
286	266
286	267
286	269
286	287
286	288
286	292
286	300
286	307
286	311
286	313
286	316
286	332
286	333
286	336
287	153
287	154
287	156
287	157
287	158
287	159
287	166
287	167
287	168
287	171
287	173
287	179
287	186
287	187
287	206
287	207
287	208
287	218
287	219
287	223
287	224
287	225
287	226
287	238
287	248
287	269
287	287
287	292
287	308
287	310
287	312
287	314
287	316
287	319
287	325
287	326
287	328
287	329
287	331
287	334
287	336
288	155
288	160
288	165
288	174
288	175
288	176
288	179
288	184
288	185
288	208
288	219
288	220
288	221
288	222
288	225
288	237
288	247
288	270
288	271
288	282
288	286
288	293
288	309
288	315
288	316
288	317
288	318
288	320
288	321
288	322
288	323
288	325
288	327
288	330
288	332
288	335
289	154
289	160
289	161
289	170
289	171
289	173
289	177
289	178
289	179
289	183
289	185
289	223
289	225
289	247
289	269
289	283
289	285
289	287
289	308
289	309
289	317
289	323
289	325
289	326
289	331
289	332
289	336
290	153
290	154
290	159
290	160
290	169
290	172
290	176
290	179
290	181
290	182
290	185
290	221
290	222
290	225
290	226
290	247
290	270
290	283
290	284
290	287
290	310
290	313
290	314
290	315
290	317
290	324
290	336
291	155
291	171
291	172
291	179
291	180
291	185
291	186
291	220
291	225
291	244
291	245
291	246
291	248
291	249
291	269
291	287
291	311
291	312
291	314
291	317
291	323
291	325
291	337
292	149
292	150
292	154
292	155
292	170
292	180
292	185
292	219
292	226
292	241
292	243
292	244
292	247
292	250
292	251
292	268
292	287
292	289
292	309
292	310
292	313
292	314
292	315
292	318
292	326
292	337
293	151
293	153
293	169
293	170
293	178
293	180
293	212
293	213
293	214
293	217
293	218
293	240
293	243
293	247
293	250
293	286
293	288
293	290
293	297
293	302
293	312
293	313
293	314
293	316
293	326
293	327
293	328
293	338
294	151
294	152
294	169
294	179
294	181
294	182
294	211
294	215
294	216
294	219
294	220
294	241
294	242
294	246
294	249
294	251
294	257
294	285
294	289
294	290
294	291
294	296
294	301
294	312
294	317
294	326
294	339
294	340
295	151
295	167
295	169
295	170
295	176
295	178
295	179
295	216
295	217
295	220
295	251
295	252
295	256
295	284
295	289
295	291
295	295
295	300
295	312
295	316
295	339
296	150
296	151
296	152
296	166
296	168
296	169
296	177
296	178
296	214
296	215
296	216
296	253
296	254
296	255
296	282
296	283
296	288
296	292
296	294
296	296
296	297
296	299
296	301
296	311
296	317
297	153
297	154
297	165
297	170
297	176
297	214
297	253
297	256
297	282
297	283
297	284
297	293
297	294
297	298
297	300
297	312
297	318
298	141
298	152
298	153
298	165
298	168
298	169
298	176
298	200
298	214
298	252
298	254
298	255
298	257
298	281
298	283
298	292
298	295
298	313
299	140
299	142
299	149
299	150
299	151
299	168
299	169
299	177
299	178
299	179
299	197
299	201
299	210
299	212
299	213
299	214
299	250
299	251
299	257
299	283
299	291
299	296
299	312
299	314
300	143
300	145
300	148
300	149
300	170
300	176
300	198
300	200
300	208
300	209
300	211
300	249
300	251
300	258
300	282
300	283
300	293
300	294
300	295
300	296
300	312
300	314
300	315
300	319
301	144
301	146
301	147
301	171
301	175
301	199
301	200
301	205
301	211
301	249
301	283
301	291
301	292
301	296
301	297
301	299
301	316
301	318
302	140
302	142
302	143
302	147
302	170
302	175
302	198
302	200
302	205
302	210
302	212
302	248
302	249
302	283
302	292
302	293
302	296
302	299
302	300
302	317
302	319
303	139
303	141
303	142
303	148
303	149
303	170
303	176
303	201
303	205
303	206
303	207
303	209
303	213
303	214
303	245
303	246
303	248
303	250
303	283
303	292
303	295
303	297
303	298
303	300
303	318
303	342
303	347
303	349
304	138
304	141
304	142
304	147
304	175
304	176
304	202
304	204
304	208
304	212
304	247
304	249
304	282
304	283
304	284
304	290
304	291
304	293
304	297
304	301
304	302
304	303
304	304
304	305
304	318
304	325
304	328
304	331
304	342
304	348
304	358
305	141
305	146
305	175
305	191
305	202
305	203
305	207
305	211
305	213
305	246
305	247
305	250
305	282
305	283
305	292
305	297
305	298
305	302
305	318
305	320
305	321
305	322
305	324
305	326
305	328
305	330
305	341
305	347
305	353
305	357
306	145
306	147
306	149
306	150
306	192
306	200
306	202
306	213
306	241
306	246
306	251
306	280
306	282
306	293
306	298
306	302
306	319
306	322
306	325
306	327
306	329
306	335
306	341
306	343
306	348
306	349
306	351
306	353
306	356
307	144
307	148
307	193
307	196
307	199
307	200
307	201
307	203
307	212
307	240
307	247
307	252
307	253
307	255
307	280
307	281
307	293
307	294
307	297
307	321
307	324
307	326
307	334
307	341
307	342
307	343
307	344
307	346
307	347
307	350
307	351
307	352
307	354
307	355
308	145
308	194
308	197
308	198
308	202
308	212
308	241
308	247
308	251
308	254
308	256
308	281
308	293
308	322
308	324
308	327
308	328
308	335
308	340
308	345
308	346
308	348
308	353
308	356
308	357
309	194
309	196
309	202
309	211
309	238
309	239
309	240
309	241
309	242
309	245
309	246
309	252
309	254
309	279
309	282
309	293
309	295
309	296
309	322
309	323
309	328
309	331
309	335
309	336
309	338
309	339
309	353
310	195
310	196
310	201
310	210
310	212
310	238
310	239
310	240
310	243
310	244
310	252
310	280
310	281
310	294
310	320
310	321
310	322
310	329
310	330
310	331
310	334
310	335
310	337
310	339
310	354
311	192
311	194
311	202
311	208
311	209
311	213
311	238
311	244
311	253
311	279
311	294
311	319
311	322
311	326
311	329
311	332
311	333
311	336
311	337
311	340
311	341
311	355
312	191
312	193
312	201
312	208
312	212
312	238
312	245
312	254
312	278
312	294
312	297
312	298
312	322
312	323
312	325
312	327
312	334
312	337
312	342
312	355
313	192
313	200
313	241
313	244
313	245
313	255
313	277
313	278
313	293
313	295
313	297
313	322
313	324
313	325
313	328
313	336
313	338
313	343
313	344
314	199
314	201
314	241
314	242
314	243
314	244
314	256
314	277
314	292
314	296
314	297
314	323
314	326
314	335
314	338
314	343
314	345
315	198
315	242
315	246
315	255
315	291
315	293
315	296
315	298
315	299
315	321
315	322
315	327
315	334
315	343
315	345
315	346
315	347
316	197
316	243
316	245
316	247
316	290
316	294
316	296
316	297
316	320
316	327
316	328
316	346
317	235
317	242
317	244
317	296
317	297
317	299
317	327
317	329
317	347
317	348
318	234
318	241
318	243
318	246
318	297
318	298
318	326
318	329
318	330
318	332
318	347
318	348
318	350
318	351
319	232
319	233
319	241
319	244
319	245
319	247
319	298
319	304
319	306
319	330
319	331
319	333
319	347
319	349
319	352
320	233
320	234
320	237
320	240
320	245
320	297
320	298
320	299
320	304
320	305
320	312
320	329
320	333
320	347
320	350
320	351
321	233
321	235
321	236
321	238
321	239
321	245
321	299
321	302
321	303
321	305
321	311
321	329
321	333
321	334
322	231
322	232
322	234
322	236
322	238
322	240
322	298
322	299
322	300
322	301
322	304
322	305
322	310
322	312
322	335
323	240
323	241
323	249
323	250
323	296
323	297
323	300
323	306
323	307
323	308
323	309
323	310
324	240
324	241
324	244
324	247
324	248
324	300
324	308
324	311
325	226
325	240
325	243
325	245
325	246
325	300
326	225
326	239
326	240
326	241
326	242
326	301
326	303
327	224
327	225
327	238
327	239
327	243
327	299
327	301
327	303
327	304
327	305
327	308
327	311
328	224
328	225
328	232
328	233
328	237
328	243
328	300
328	302
328	306
328	308
328	310
328	311
329	223
329	226
329	229
329	230
329	231
329	234
329	236
329	244
329	245
329	246
329	247
329	300
329	301
329	307
329	309
329	310
330	227
330	229
330	231
330	235
330	236
330	244
330	245
330	248
330	300
330	302
330	311
330	312
331	221
331	224
331	226
331	228
331	233
331	234
331	235
331	237
331	244
331	249
331	255
331	296
331	298
331	299
331	300
331	303
331	304
332	222
332	223
332	225
332	227
332	232
332	234
332	238
332	239
332	243
332	249
332	250
332	252
332	255
332	258
332	259
332	295
332	297
332	299
332	304
333	225
333	228
333	231
333	234
333	235
333	237
333	240
333	242
333	251
333	253
333	254
333	256
333	257
333	260
333	261
333	262
333	294
333	296
333	297
333	304
333	327
334	224
334	225
334	230
334	231
334	232
334	238
334	240
334	241
334	250
334	253
334	257
334	297
334	304
334	326
334	327
335	223
335	225
335	232
335	239
335	240
335	242
335	249
335	251
335	254
335	255
335	258
335	296
335	297
335	298
335	305
335	312
335	315
335	325
336	207
336	221
336	222
336	223
336	232
336	239
336	243
336	251
336	253
336	258
336	298
336	305
336	308
336	309
336	311
336	313
336	314
336	324
337	178
337	180
337	181
337	205
337	207
337	220
337	221
337	232
337	238
337	243
337	252
337	253
337	259
337	260
337	261
337	263
337	306
337	307
337	310
337	313
337	314
337	323
337	330
337	332
337	335
338	178
338	180
338	192
338	203
338	204
338	206
338	207
338	219
338	221
338	229
338	230
338	231
338	238
338	242
338	243
338	252
338	254
338	261
338	262
338	306
338	307
338	311
338	315
338	316
338	319
338	321
338	323
338	331
338	334
338	336
339	177
339	179
339	180
339	182
339	190
339	193
339	203
339	204
339	205
339	207
339	211
339	220
339	228
339	231
339	237
339	238
339	244
339	253
339	262
339	266
339	267
339	307
339	316
339	317
339	318
339	320
339	321
339	322
339	324
339	330
339	332
339	333
339	335
339	337
339	338
340	181
340	183
340	191
340	192
340	196
340	203
340	204
340	205
340	206
340	211
340	214
340	218
340	219
340	228
340	230
340	235
340	237
340	239
340	243
340	245
340	246
340	253
340	263
340	264
340	266
340	267
340	306
340	318
340	323
340	328
340	329
340	330
340	332
340	333
341	176
341	180
341	184
341	193
341	197
341	203
341	206
341	211
341	215
341	218
341	219
341	228
341	230
341	236
341	237
341	238
341	240
341	244
341	245
341	252
341	253
341	262
341	265
341	305
341	306
341	316
341	317
341	322
341	324
341	325
341	326
341	327
341	331
341	334
342	175
342	176
342	177
342	179
342	185
342	192
342	196
342	203
342	207
342	208
342	209
342	211
342	212
342	213
342	214
342	217
342	218
342	231
342	236
342	238
342	246
342	251
342	252
342	265
342	303
342	304
342	306
342	318
342	327
342	328
342	333
343	178
343	186
343	188
343	189
343	190
343	191
343	193
343	197
343	210
343	215
343	216
343	229
343	231
343	235
343	245
343	247
343	266
343	303
343	317
343	334
343	335
343	336
343	337
344	187
344	189
344	191
344	194
344	195
344	196
344	197
344	207
344	210
344	214
344	215
344	228
344	230
344	236
344	245
344	248
344	266
344	303
344	305
344	316
344	334
344	337
344	339
345	187
345	188
345	196
345	198
345	206
345	208
345	209
345	213
345	215
345	231
345	235
345	247
345	265
345	267
345	268
345	269
345	303
345	304
345	315
345	317
345	318
345	332
345	333
345	338
345	340
346	199
346	203
346	205
346	208
346	216
346	234
346	235
346	261
346	265
346	268
346	271
346	318
346	331
346	334
346	335
346	339
347	200
347	201
347	204
347	215
347	216
347	234
347	236
347	260
347	262
347	263
347	264
347	267
347	269
347	270
347	319
347	321
347	333
347	335
347	336
347	339
348	202
348	203
348	216
348	217
348	218
348	232
348	234
348	237
348	238
348	260
348	261
348	264
348	267
348	270
348	272
348	318
348	320
348	335
348	336
348	339
348	340
348	341
349	202
349	204
349	216
349	219
349	230
349	231
349	232
349	233
349	264
349	271
349	315
349	316
349	317
349	321
349	322
349	340
350	179
350	199
350	200
350	205
350	214
350	216
350	219
350	232
350	234
350	272
350	315
350	321
351	180
351	181
351	182
351	183
351	188
351	201
351	202
351	204
351	206
351	207
351	215
351	218
351	220
351	221
351	226
351	231
351	234
351	235
351	236
351	273
351	274
351	314
351	315
351	316
351	321
351	322
352	183
352	184
352	186
352	189
352	203
352	206
352	218
352	220
352	227
352	230
352	231
352	235
352	236
352	237
352	272
352	273
352	275
352	276
352	277
352	315
352	323
352	324
352	325
353	183
353	185
353	187
353	188
353	190
353	192
353	193
353	197
353	203
353	206
353	218
353	228
353	230
353	235
353	271
353	273
353	277
353	315
353	322
353	323
353	327
354	186
354	190
354	191
354	194
354	195
354	196
354	203
354	207
354	208
354	229
354	234
354	235
354	272
354	274
354	277
354	324
354	326
354	327
354	328
355	189
355	194
355	195
355	197
355	198
355	199
355	202
355	228
355	235
355	236
355	237
355	270
355	271
355	272
355	277
355	278
355	279
355	281
355	284
355	325
356	194
356	198
356	199
356	201
356	203
356	204
356	227
356	235
356	237
356	239
356	243
356	270
356	271
356	279
356	280
356	281
356	282
356	283
356	284
356	292
356	294
356	325
357	187
357	192
357	193
357	198
357	199
357	200
357	201
357	204
357	205
357	224
357	226
357	227
357	234
357	235
357	239
357	242
357	272
357	281
357	282
357	285
357	287
357	293
357	325
357	326
357	327
357	328
358	187
358	188
358	191
358	192
358	200
358	205
358	206
358	225
358	227
358	228
358	236
358	238
358	241
358	272
358	282
358	286
358	288
358	290
358	293
358	326
359	185
359	186
359	189
359	190
359	197
359	198
359	199
359	207
359	226
359	227
359	237
359	240
359	282
359	286
359	288
359	289
359	291
359	292
359	326
359	327
359	328
359	329
360	184
360	186
360	191
360	199
360	200
360	207
360	225
360	237
360	239
360	241
360	282
360	292
360	293
360	325
360	330
361	186
361	191
361	199
361	201
361	224
361	235
361	236
361	237
361	238
361	239
361	281
361	283
361	284
361	294
361	324
361	325
361	331
361	332
362	185
362	190
362	195
362	196
362	197
362	198
362	199
362	201
362	223
362	237
362	240
362	281
362	284
362	285
362	286
362	287
362	288
362	294
362	324
362	326
362	327
363	185
363	200
363	223
363	237
363	239
363	279
363	280
363	281
363	286
363	324
364	180
364	184
364	198
364	199
364	200
364	222
364	232
364	239
364	276
364	279
364	286
364	324
364	325
365	178
365	180
365	183
365	200
365	223
365	232
365	239
365	242
365	275
365	277
365	278
365	280
365	287
365	289
365	290
365	325
365	326
366	179
366	181
366	182
366	184
366	199
366	200
366	233
366	240
366	241
366	273
366	274
366	283
366	286
366	288
366	322
366	323
366	325
367	178
367	179
367	183
367	198
367	234
367	235
367	236
367	237
367	238
367	239
367	240
367	283
367	284
367	285
367	286
367	296
367	323
367	324
367	326
368	193
368	197
368	234
368	238
368	241
368	281
368	283
368	284
368	287
368	288
368	289
368	297
368	322
368	326
369	194
369	195
369	196
369	227
369	228
369	229
369	235
369	238
369	241
369	282
369	290
369	295
369	297
369	298
369	320
369	321
370	195
370	197
370	227
370	229
370	230
370	234
370	240
370	242
370	282
370	289
370	291
370	292
370	296
371	196
371	197
371	230
371	231
371	233
371	235
371	238
371	239
371	243
371	289
371	292
371	293
371	295
371	296
372	198
372	232
372	234
372	243
372	288
372	290
372	293
372	294
372	296
373	197
373	231
373	242
373	243
373	245
373	251
373	292
373	294
374	198
374	200
374	228
374	230
374	242
374	244
374	245
374	250
374	251
374	292
375	199
375	228
375	229
375	242
375	243
375	249
375	251
375	291
376	199
376	228
376	240
376	241
376	242
376	244
376	246
376	247
376	248
376	249
376	252
376	291
377	198
377	200
377	228
377	229
377	232
377	241
377	242
377	244
377	245
377	247
377	292
377	299
377	301
378	199
378	201
378	224
378	225
378	226
378	227
378	230
378	231
378	233
378	242
378	247
378	290
378	291
378	293
378	296
378	297
378	298
378	300
379	198
379	199
379	223
379	224
379	232
379	234
379	242
379	248
379	288
379	290
379	292
379	294
379	295
379	301
380	200
380	225
380	232
380	243
380	289
380	292
380	293
381	199
381	224
381	232
381	241
381	242
381	244
381	286
381	288
381	294
382	198
382	223
382	224
382	232
382	241
382	243
382	245
382	246
382	287
382	293
382	294
383	198
383	224
383	233
383	240
383	247
383	248
383	295
384	224
384	225
384	240
384	246
384	249
384	296
384	297
384	299
385	223
385	225
385	240
385	246
385	250
385	252
385	297
385	298
385	299
385	301
386	220
386	222
386	225
386	241
386	245
386	251
386	252
386	253
386	295
386	296
386	300
387	221
387	222
387	223
387	224
387	246
387	294
387	300
387	302
388	218
388	219
388	220
388	222
388	224
388	246
388	254
388	293
388	294
388	301
388	308
389	218
389	225
389	245
389	247
389	254
389	290
389	292
389	301
389	308
390	215
390	217
390	218
390	224
390	243
390	244
390	248
390	249
390	250
390	253
390	291
390	293
390	300
390	307
390	309
390	310
390	311
391	216
391	217
391	218
391	223
391	225
391	226
391	239
391	240
391	242
391	243
391	244
391	251
391	252
391	254
391	291
391	294
391	301
391	304
391	305
391	306
392	217
392	218
392	223
392	226
392	241
392	245
392	251
392	252
392	255
392	256
392	290
392	302
392	303
393	219
393	222
393	223
393	227
393	228
393	240
393	245
393	256
393	288
393	290
393	303
394	214
394	218
394	219
394	220
394	224
394	227
394	237
394	239
394	241
394	246
394	257
394	289
394	302
395	215
395	217
395	220
395	221
395	238
395	240
395	247
395	258
395	290
395	302
395	303
395	304
396	216
396	220
396	241
396	258
396	259
396	260
396	289
396	301
396	302
396	303
396	305
397	216
397	217
397	240
397	242
397	260
397	299
397	300
397	302
397	306
398	216
398	218
398	219
398	239
398	242
398	300
398	307
398	308
399	215
399	217
399	219
399	220
399	236
399	237
399	238
399	300
399	307
399	308
400	213
400	214
400	221
400	236
400	239
400	301
400	308
401	213
401	215
401	237
401	238
401	240
401	301
401	309
402	212
402	213
402	241
402	300
403	240
403	242
403	299
404	238
404	239
404	242
495	195
496	196
496	197
497	196
498	196
499	195
499	196
500	196
501	192
501	193
501	194
501	197
501	198
502	191
502	195
502	197
502	210
503	191
503	196
503	198
503	205
503	209
503	213
504	196
504	206
504	207
504	208
504	210
504	212
505	195
505	196
505	202
505	206
505	207
505	211
505	212
506	197
506	202
506	205
506	213
507	198
507	203
507	205
508	199
508	202
508	203
508	204
509	200
509	201
510	197
510	199
511	197
511	198
511	208
0	0
0	0
0	0
0	0
0	0
0	0
0	0
0	0
0	0
0	0
0	0
0	0
0	0
0	0
0	0
0	0
0	0
0	0
0	0
0	0
0	0
0	0
0	0
0	0
0	0
0	0
0	0
0	0
0	0
0	0
0	0
0	0
0	0
0	0
0	0
0	0
0	0
0	0
0	0
0	0
