38	316
39	312
39	315
40	311
40	313
40	314
41	314
42	313
43	314
44	308
44	315
44	317
45	309
45	314
45	316
46	309
46	310
46	311
46	313
47	312
47	323
47	325
47	326
48	313
48	323
48	324
49	314
49	315
49	322
49	324
50	314
50	322
51	314
51	322
52	313
52	314
52	322
52	326
52	328
53	314
53	320
53	323
53	326
53	327
54	315
54	320
54	323
54	325
54	328
54	329
55	316
55	321
55	322
55	324
55	325
55	326
56	317
56	318
56	321
56	327
57	319
57	320
58	306
58	318
58	320
58	321
59	306
59	314
59	317
59	318
59	321
60	306
60	307
60	313
60	315
60	316
60	322
60	323
60	324
61	306
61	313
61	314
62	303
62	305
62	310
62	312
62	315
63	304
63	311
64	300
64	304
64	310
65	299
65	300
65	304
65	309
66	299
66	305
66	308
66	310
67	299
67	300
67	305
67	307
68	301
68	305
68	306
69	300
69	304
69	306
70	301
70	306
70	314
71	301
71	306
71	312
71	313
72	286
72	301
72	307
72	311
73	287
73	288
73	301
73	307
73	310
73	312
74	287
74	289
74	291
74	302
74	306
74	309
75	231
75	290
75	291
75	295
75	302
75	303
75	306
75	308
75	309
76	231
76	292
76	293
76	294
76	295
76	301
76	302
76	303
76	307
76	308
77	230
77	292
77	296
77	301
77	304
77	306
78	230
78	296
78	297
78	300
78	305
78	307
78	309
78	310
78	311
78	353
79	230
79	231
79	298
79	299
79	305
79	306
79	308
79	311
79	353
80	227
80	230
80	297
80	305
80	307
80	352
80	353
81	227
81	228
81	229
81	307
81	351
81	366
82	228
82	307
82	348
82	349
82	351
82	366
83	226
83	228
83	304
83	307
83	325
83	350
83	367
83	370
84	227
84	247
84	305
84	307
84	311
84	326
84	333
84	335
84	350
84	353
84	354
84	359
84	363
84	368
84	369
84	371
84	372
84	373
85	228
85	248
85	306
85	307
85	311
85	320
85	322
85	326
85	327
85	333
85	334
85	351
85	353
85	359
85	363
85	370
85	374
86	228
86	233
86	234
86	245
86	247
86	305
86	308
86	309
86	310
86	321
86	326
86	327
86	328
86	332
86	352
86	360
86	361
86	362
86	363
86	364
86	369
87	227
87	229
87	230
87	234
87	243
87	244
87	245
87	246
87	302
87	303
87	304
87	309
87	311
87	312
87	320
87	323
87	325
87	329
87	330
87	331
87	351
87	361
87	362
87	369
88	231
88	232
88	233
88	235
88	243
88	246
88	310
88	320
88	323
88	324
88	351
88	352
88	357
88	362
88	368
89	218
89	232
89	233
89	243
89	311
89	312
89	314
89	320
89	321
89	322
89	323
89	352
89	353
89	356
89	357
89	359
89	360
89	361
89	364
89	366
89	367
89	369
90	218
90	232
90	243
90	313
90	319
90	354
90	356
90	357
90	358
90	361
90	363
90	365
91	217
91	231
91	243
91	244
91	245
91	314
91	318
91	355
91	362
92	216
92	217
92	232
92	242
92	243
92	314
92	315
92	317
92	328
92	347
92	349
92	355
92	356
93	218
93	219
93	230
93	231
93	241
93	314
93	316
93	324
93	328
93	329
93	347
93	348
93	354
94	220
94	231
94	233
94	238
94	241
94	242
94	244
94	311
94	312
94	314
94	325
94	327
94	330
94	347
94	348
94	352
94	353
95	221
95	223
95	230
95	232
95	237
95	239
95	240
95	242
95	243
95	310
95	313
95	326
95	333
95	335
95	346
95	352
96	217
96	219
96	220
96	222
96	223
96	231
96	237
96	238
96	294
96	312
96	327
96	334
96	344
96	345
96	351
96	352
97	218
97	223
97	228
97	230
97	236
97	239
97	290
97	291
97	292
97	293
97	294
97	310
97	311
97	326
97	327
97	330
97	332
97	334
97	345
97	352
98	223
98	224
98	227
98	229
98	235
98	236
98	239
98	293
98	295
98	311
98	326
98	328
98	331
98	333
98	334
98	344
98	346
98	351
98	353
99	206
99	219
99	223
99	227
99	228
99	233
99	236
99	238
99	245
99	249
99	250
99	291
99	292
99	295
99	305
99	306
99	312
99	325
99	327
99	330
99	332
99	334
99	347
99	349
99	350
100	207
100	208
100	219
100	222
100	224
100	227
100	228
100	232
100	237
100	244
100	248
100	251
100	296
100	304
100	312
100	313
100	325
100	326
100	328
100	331
100	332
100	333
100	334
100	348
101	209
101	219
101	224
101	227
101	230
101	233
101	236
101	245
101	246
101	247
101	296
101	298
101	303
101	314
101	315
101	316
101	324
101	326
101	328
101	330
101	335
101	346
101	347
102	209
102	216
102	217
102	218
102	219
102	225
102	226
102	231
102	232
102	235
102	242
102	244
102	292
102	293
102	294
102	295
102	297
102	303
102	310
102	315
102	327
102	329
102	347
102	348
102	371
102	372
102	375
103	208
103	209
103	210
103	218
103	226
103	231
103	234
103	238
103	242
103	243
103	244
103	298
103	302
103	311
103	314
103	328
103	329
103	347
103	356
103	367
103	368
103	369
103	371
103	374
104	208
104	210
104	219
104	227
104	228
104	231
104	232
104	234
104	236
104	239
104	241
104	244
104	297
104	298
104	299
104	302
104	309
104	311
104	313
104	314
104	329
104	347
104	352
104	357
104	361
104	362
104	366
104	370
104	372
104	373
105	210
105	216
105	217
105	218
105	219
105	221
105	226
105	229
105	230
105	233
105	235
105	240
105	298
105	301
105	310
105	312
105	328
105	333
105	346
105	353
105	354
105	355
105	357
105	360
105	367
105	368
105	369
105	370
105	372
106	211
106	217
106	220
106	221
106	222
106	225
106	234
106	238
106	239
106	296
106	297
106	299
106	300
106	309
106	328
106	331
106	332
106	345
106	352
106	353
106	356
106	358
106	359
106	361
106	365
106	366
106	369
106	372
107	211
107	213
107	216
107	219
107	220
107	223
107	224
107	226
107	235
107	237
107	242
107	295
107	300
107	309
107	328
107	330
107	333
107	346
107	349
107	351
107	353
107	356
107	361
107	363
107	364
107	365
107	368
107	370
108	212
108	213
108	214
108	217
108	218
108	220
108	236
108	241
108	252
108	299
108	300
108	308
108	310
108	311
108	329
108	345
108	348
108	352
108	362
108	369
109	211
109	215
109	216
109	230
109	235
109	237
109	241
109	250
109	251
109	300
109	301
109	302
109	303
109	309
109	329
109	346
109	347
109	352
109	361
109	363
109	368
110	160
110	210
110	211
110	214
110	231
110	233
110	234
110	237
110	241
110	242
110	249
110	250
110	298
110	299
110	302
110	309
110	327
110	328
110	346
110	351
110	361
110	364
111	160
111	232
111	236
111	238
111	239
111	240
111	250
111	253
111	303
111	304
111	305
111	308
111	326
111	347
111	349
111	350
111	352
112	138
112	161
112	235
112	240
112	244
112	249
112	250
112	252
112	253
112	303
112	306
112	309
112	327
112	335
112	347
112	348
112	353
112	355
112	356
113	134
113	137
113	161
113	162
113	234
113	241
113	243
113	249
113	251
113	254
113	302
113	307
113	308
113	327
113	330
113	335
113	337
113	346
113	352
113	354
113	356
114	135
114	136
114	137
114	163
114	165
114	233
114	240
114	242
114	248
114	306
114	307
114	308
114	328
114	331
114	333
114	336
114	342
114	345
114	346
114	355
114	357
115	136
115	164
115	240
115	243
115	249
115	309
115	310
115	329
115	330
115	334
115	336
115	342
115	343
115	344
115	345
115	347
115	356
115	358
116	136
116	164
116	244
116	245
116	247
116	248
116	310
116	313
116	322
116	327
116	328
116	335
116	337
116	340
116	341
116	345
116	346
116	348
116	357
117	135
117	162
117	163
117	164
117	175
117	176
117	245
117	246
117	249
117	310
117	314
117	315
117	323
117	328
117	335
117	338
117	339
117	344
118	132
118	136
118	161
118	164
118	173
118	174
118	245
118	253
118	310
118	314
118	324
118	329
118	330
118	334
118	338
119	133
119	134
119	135
119	138
119	163
119	172
119	173
119	240
119	244
119	245
119	253
119	308
119	309
119	311
119	314
119	325
119	327
119	328
119	329
119	333
120	136
120	137
120	138
120	160
120	161
120	162
120	172
120	240
120	245
120	251
120	252
120	254
120	255
120	312
120	313
120	325
120	326
120	327
120	328
120	331
120	332
120	334
120	335
121	137
121	158
121	159
121	163
121	172
121	173
121	174
121	241
121	242
121	244
121	246
121	248
121	253
121	260
121	275
121	313
121	325
121	326
121	329
121	330
121	335
122	137
122	140
122	144
122	163
122	172
122	243
122	247
122	252
122	260
122	261
122	265
122	266
122	275
122	314
122	320
122	322
122	326
122	336
122	337
123	136
123	138
123	139
123	140
123	141
123	143
123	162
123	164
123	171
123	242
123	248
123	252
123	253
123	260
123	262
123	263
123	264
123	273
123	274
123	276
123	314
123	315
123	321
123	325
123	326
123	335
123	337
123	341
124	141
124	143
124	163
124	170
124	241
124	242
124	248
124	249
124	252
124	254
124	261
124	265
124	266
124	275
124	314
124	317
124	320
124	325
124	326
124	327
124	328
124	338
124	341
124	343
124	346
125	126
125	128
125	142
125	143
125	144
125	145
125	160
125	161
125	162
125	164
125	169
125	243
125	250
125	251
125	260
125	265
125	268
125	276
125	278
125	315
125	318
125	320
125	321
125	322
125	323
125	324
125	326
125	327
125	339
125	340
125	342
125	346
126	126
126	127
126	129
126	130
126	142
126	143
126	161
126	170
126	175
126	243
126	244
126	249
126	252
126	253
126	258
126	259
126	260
126	265
126	267
126	277
126	298
126	315
126	316
126	319
126	320
126	322
126	328
126	343
126	347
126	456
126	457
127	125
127	130
127	132
127	143
127	145
127	154
127	161
127	162
127	171
127	175
127	244
127	253
127	255
127	261
127	264
127	267
127	274
127	276
127	297
127	314
127	316
127	318
127	328
127	344
127	346
127	456
128	131
128	132
128	133
128	143
128	145
128	146
128	155
128	162
128	163
128	170
128	171
128	173
128	174
128	254
128	262
128	264
128	265
128	266
128	268
128	275
128	297
128	298
128	313
128	317
128	328
128	344
128	345
128	346
128	347
128	455
129	133
129	142
129	144
129	145
129	152
129	155
129	159
129	162
129	171
129	172
129	255
129	263
129	275
129	276
129	299
129	317
129	346
129	455
129	493
130	132
130	141
130	151
130	152
130	154
130	157
130	160
130	162
130	170
130	252
130	253
130	254
130	262
130	269
130	272
130	274
130	299
130	300
130	301
130	305
130	316
130	319
130	323
130	347
130	455
130	456
130	492
131	128
131	133
131	137
131	140
131	153
131	155
131	158
131	159
131	161
131	162
131	169
131	254
131	255
131	262
131	263
131	270
131	271
131	274
131	298
131	301
131	302
131	303
131	304
131	305
131	315
131	319
131	320
131	322
131	324
131	348
131	349
131	454
131	480
131	490
131	491
132	126
132	128
132	133
132	138
132	139
132	141
132	156
132	157
132	158
132	162
132	168
132	252
132	256
132	259
132	260
132	261
132	269
132	271
132	272
132	273
132	303
132	305
132	312
132	316
132	317
132	318
132	321
132	347
132	453
132	455
132	480
132	490
133	124
133	126
133	127
133	133
133	142
133	143
133	159
133	162
133	169
133	171
133	199
133	253
133	257
133	259
133	263
133	266
133	267
133	269
133	306
133	312
133	315
133	321
133	348
133	436
133	453
133	454
133	455
133	480
133	489
133	492
133	493
133	494
133	495
133	496
134	122
134	123
134	125
134	127
134	129
134	132
134	140
134	141
134	158
134	161
134	168
134	170
134	198
134	199
134	200
134	253
134	254
134	255
134	256
134	258
134	259
134	263
134	264
134	265
134	267
134	268
134	269
134	306
134	311
134	313
134	314
134	316
134	347
134	436
134	438
134	449
134	450
134	451
134	452
134	453
134	456
134	457
134	480
134	490
134	491
135	128
135	131
135	133
135	137
135	140
135	142
135	159
135	160
135	166
135	167
135	198
135	201
135	202
135	254
135	260
135	263
135	266
135	270
135	306
135	312
135	317
135	437
135	438
135	450
135	451
135	481
135	489
136	127
136	129
136	130
136	132
136	133
136	138
136	139
136	142
136	160
136	168
136	202
136	208
136	210
136	260
136	263
136	306
136	308
136	313
136	317
136	318
136	319
136	439
136	450
136	454
136	481
136	482
136	483
136	486
136	488
137	126
137	129
137	131
137	132
137	134
137	135
137	139
137	142
137	145
137	157
137	158
137	159
137	161
137	162
137	167
137	182
137	203
137	207
137	209
137	256
137	257
137	259
137	263
137	305
137	307
137	308
137	311
137	312
137	313
137	319
137	324
137	326
137	438
137	451
137	452
137	453
137	455
137	456
137	482
137	483
137	485
137	486
137	487
138	128
138	133
138	135
138	137
138	138
138	139
138	140
138	141
138	143
138	144
138	145
138	151
138	156
138	163
138	165
138	168
138	181
138	204
138	207
138	208
138	210
138	211
138	255
138	257
138	258
138	259
138	262
138	263
138	264
138	309
138	310
138	313
138	319
138	320
138	321
138	322
138	323
138	325
138	327
138	333
138	439
138	450
138	451
138	484
138	486
138	493
139	135
139	136
139	140
139	142
139	143
139	146
139	147
139	151
139	164
139	165
139	166
139	168
139	169
139	170
139	182
139	183
139	204
139	208
139	209
139	257
139	259
139	261
139	307
139	308
139	310
139	314
139	315
139	319
139	321
139	323
139	328
139	329
139	330
139	331
139	332
139	334
139	335
139	438
139	439
139	440
139	450
139	485
139	487
139	490
139	491
139	492
140	134
140	140
140	143
140	144
140	146
140	148
140	152
140	160
140	162
140	163
140	167
140	170
140	182
140	183
140	203
140	204
140	208
140	260
140	307
140	309
140	311
140	320
140	326
140	327
140	333
140	441
140	450
140	485
140	489
140	492
141	131
141	132
141	133
141	139
141	142
141	145
141	146
141	147
141	148
141	151
141	161
141	164
141	179
141	181
141	205
141	206
141	207
141	261
141	305
141	307
141	308
141	309
141	320
141	328
141	334
141	442
141	445
141	446
141	448
141	449
141	470
141	480
141	484
141	488
141	490
141	493
141	495
141	497
142	133
142	134
142	140
142	141
142	143
142	147
142	148
142	149
142	150
142	151
142	164
142	179
142	180
142	182
142	185
142	186
142	187
142	204
142	205
142	208
142	261
142	306
142	309
142	321
142	327
142	329
142	333
142	334
142	443
142	445
142	447
142	469
142	480
142	485
142	486
142	487
142	491
142	494
142	496
143	132
143	134
143	135
143	149
143	152
143	153
143	164
143	180
143	181
143	183
143	184
143	203
143	209
143	247
143	261
143	267
143	308
143	310
143	311
143	312
143	313
143	314
143	315
143	332
143	442
143	444
143	445
143	447
143	470
143	471
143	479
143	484
143	486
143	487
143	492
144	130
144	131
144	134
144	148
144	154
144	165
144	177
144	178
144	180
144	208
144	248
144	260
144	261
144	266
144	288
144	308
144	311
144	442
144	445
144	446
144	448
144	469
144	471
144	478
144	484
144	487
144	493
145	129
145	134
145	146
145	147
145	155
145	164
145	178
145	179
145	180
145	208
145	209
145	247
145	259
145	261
145	263
145	266
145	268
145	269
145	270
145	271
145	272
145	273
145	285
145	287
145	308
145	312
145	446
145	471
145	472
145	478
145	483
145	485
145	487
145	494
146	129
146	147
146	154
146	155
146	156
146	163
146	177
146	179
146	181
146	210
146	211
146	213
146	247
146	262
146	263
146	265
146	267
146	286
146	308
146	312
146	446
146	472
146	475
146	477
146	480
146	482
146	494
147	147
147	156
147	163
147	176
147	177
147	206
147	212
147	246
147	248
147	254
147	263
147	266
147	287
147	306
147	307
147	311
147	442
147	446
147	470
147	473
147	474
147	475
147	477
147	478
147	479
147	483
147	486
148	156
148	164
148	166
148	175
148	176
148	207
148	212
148	216
148	247
148	248
148	255
148	264
148	265
148	286
148	287
148	288
148	293
148	294
148	301
148	302
148	306
148	441
148	442
148	445
148	470
148	475
148	476
148	477
148	480
148	481
148	482
148	483
148	484
148	485
149	156
149	164
149	165
149	175
149	202
149	203
149	204
149	206
149	207
149	213
149	215
149	249
149	255
149	263
149	266
149	287
149	293
149	303
149	304
149	306
149	307
149	308
149	443
149	444
149	446
149	450
149	454
149	470
149	474
149	480
149	482
150	157
150	162
150	163
150	166
150	167
150	176
150	198
150	205
150	208
150	209
150	214
150	216
150	245
150	250
150	256
150	263
150	286
150	288
150	294
150	304
150	305
150	308
150	444
150	445
150	447
150	450
150	453
150	471
150	472
150	473
150	474
150	480
151	150
151	153
151	155
151	157
151	158
151	161
151	168
151	175
151	177
151	199
151	204
151	210
151	213
151	246
151	247
151	248
151	250
151	252
151	253
151	254
151	257
151	259
151	262
151	284
151	285
151	288
151	293
151	300
151	303
151	309
151	310
151	444
151	446
151	449
151	452
151	466
151	467
151	470
152	151
152	152
152	154
152	156
152	158
152	160
152	169
152	173
152	174
152	180
152	199
152	202
152	203
152	209
152	211
152	212
152	214
152	247
152	249
152	251
152	254
152	255
152	256
152	257
152	258
152	261
152	285
152	288
152	292
152	300
152	302
152	310
152	447
152	448
152	453
152	454
152	455
152	465
152	468
152	469
153	151
153	153
153	159
153	170
153	175
153	180
153	184
153	200
153	201
153	203
153	211
153	212
153	217
153	245
153	247
153	248
153	252
153	258
153	259
153	261
153	286
153	289
153	290
153	293
153	294
153	301
153	311
153	312
153	439
153	447
153	452
153	453
153	469
153	477
153	478
154	148
154	151
154	159
154	170
154	171
154	175
154	176
154	179
154	181
154	183
154	213
154	214
154	218
154	222
154	245
154	246
154	260
154	262
154	287
154	290
154	294
154	298
154	299
154	301
154	440
154	447
154	450
154	451
154	461
154	462
154	470
154	477
155	149
155	150
155	151
155	158
155	160
155	170
155	172
155	176
155	179
155	182
155	183
155	213
155	219
155	220
155	221
155	262
155	286
155	288
155	291
155	295
155	300
155	301
155	410
155	441
155	442
155	448
155	449
155	456
155	461
155	468
155	469
155	470
155	475
155	476
156	149
156	161
156	169
156	173
156	174
156	175
156	180
156	214
156	219
156	220
156	221
156	263
156	289
156	291
156	295
156	297
156	300
156	301
156	308
156	410
156	443
156	444
156	449
156	450
156	456
156	457
156	460
156	462
156	469
156	475
157	173
157	176
157	177
157	179
157	215
157	219
157	222
157	223
157	224
157	262
157	265
157	266
157	290
157	296
157	299
157	302
157	307
157	308
157	411
157	444
157	448
157	457
157	460
157	469
157	473
157	474
157	486
157	488
158	172
158	177
158	178
158	215
158	217
158	218
158	222
158	260
158	262
158	264
158	265
158	291
158	297
158	298
158	300
158	303
158	304
158	306
158	410
158	444
158	445
158	446
158	447
158	449
158	456
158	458
158	459
158	463
158	470
158	471
158	473
158	474
158	485
158	487
159	171
159	176
159	178
159	179
159	216
159	260
159	263
159	292
159	295
159	296
159	300
159	305
159	409
159	411
159	444
159	446
159	457
159	463
159	467
159	469
159	472
159	475
159	476
159	481
159	483
159	484
159	487
160	170
160	180
160	181
160	184
160	216
160	261
160	263
160	282
160	283
160	291
160	292
160	294
160	306
160	410
160	445
160	457
160	461
160	462
160	468
160	474
160	476
160	478
160	480
160	481
160	482
160	485
160	486
161	167
161	168
161	169
161	181
161	183
161	184
161	214
161	215
161	262
161	284
161	285
161	289
161	293
161	297
161	307
161	410
161	434
161	446
161	451
161	452
161	453
161	455
161	456
161	459
161	460
161	466
161	467
161	469
161	475
161	477
161	479
161	482
162	168
162	180
162	182
162	184
162	212
162	213
162	216
162	261
162	263
162	264
162	284
162	286
162	288
162	293
162	296
162	308
162	405
162	409
162	435
162	446
162	448
162	449
162	450
162	454
162	455
162	457
162	458
162	460
162	465
162	466
162	468
162	469
162	476
162	480
162	483
163	168
163	183
163	192
163	217
163	229
163	263
163	265
163	266
163	287
163	293
163	294
163	295
163	309
163	405
163	408
163	435
163	438
163	447
163	459
163	461
163	465
163	470
163	475
163	477
163	481
164	167
164	169
164	170
164	179
164	182
164	183
164	184
164	193
164	215
164	216
164	228
164	229
164	262
164	286
164	294
164	406
164	408
164	435
164	436
164	438
164	440
164	444
164	447
164	462
164	464
164	476
164	477
165	166
165	167
165	180
165	181
165	184
165	186
165	191
165	192
165	194
165	210
165	211
165	212
165	214
165	216
165	217
165	227
165	230
165	261
165	263
165	287
165	294
165	296
165	407
165	408
165	437
165	439
165	440
165	445
165	447
165	448
165	452
165	463
165	464
165	465
165	476
165	478
165	479
165	482
165	484
165	485
166	180
166	182
166	185
166	189
166	190
166	213
166	218
166	219
166	220
166	228
166	229
166	230
166	260
166	262
166	263
166	270
166	286
166	287
166	288
166	294
166	295
166	409
166	411
166	439
166	446
166	449
166	450
166	451
166	463
166	476
166	479
166	481
166	483
167	186
167	189
167	213
167	217
167	218
167	228
167	262
167	269
167	289
167	294
167	295
167	410
167	438
167	439
167	444
167	445
167	446
167	450
167	455
167	456
167	464
167	467
167	476
167	478
167	480
168	186
168	187
168	188
168	215
168	216
168	217
168	228
168	263
168	270
168	290
168	293
168	410
168	429
168	439
168	444
168	446
168	451
168	452
168	453
168	454
168	455
168	462
168	463
168	464
168	465
168	466
168	477
169	189
169	218
169	227
169	228
169	263
169	264
169	269
169	288
169	289
169	293
169	410
169	430
169	439
169	440
169	443
169	446
169	452
169	456
169	457
169	461
169	466
169	478
169	479
169	480
169	482
169	483
169	484
170	189
170	192
170	217
170	219
170	226
170	227
170	228
170	265
170	266
170	270
170	271
170	275
170	290
170	292
170	293
170	295
170	411
170	431
170	441
170	443
170	451
170	456
170	458
170	466
170	467
170	468
170	479
170	481
171	190
171	191
171	192
171	194
171	218
171	219
171	226
171	267
171	269
171	274
171	276
171	291
171	294
171	296
171	297
171	298
171	323
171	411
171	432
171	442
171	450
171	456
171	465
171	482
172	175
172	176
172	177
172	182
172	193
172	195
172	218
172	220
172	224
172	225
172	267
172	268
172	269
172	271
172	274
172	288
172	290
172	295
172	321
172	322
172	404
172	405
172	410
172	431
172	439
172	440
172	441
172	455
172	456
172	465
172	480
172	481
172	482
172	483
173	172
173	173
173	176
173	180
173	181
173	183
173	193
173	194
173	221
173	222
173	223
173	270
173	271
173	274
173	289
173	290
173	291
173	321
173	404
173	406
173	410
173	430
173	433
173	441
173	443
173	444
173	454
173	456
173	464
173	466
173	484
174	174
174	175
174	176
174	177
174	180
174	182
174	184
174	192
174	194
174	224
174	270
174	273
174	291
174	318
174	320
174	406
174	407
174	410
174	420
174	429
174	430
174	433
174	441
174	442
174	457
174	467
174	468
174	485
175	170
175	172
175	173
175	176
175	177
175	178
175	179
175	184
175	194
175	197
175	221
175	222
175	223
175	225
175	228
175	229
175	270
175	272
175	292
175	295
175	319
175	408
175	409
175	410
175	420
175	428
175	430
175	432
175	440
175	442
175	484
176	168
176	169
176	171
176	175
176	177
176	181
176	182
176	183
176	185
176	186
176	187
176	195
176	197
176	201
176	225
176	228
176	264
176	269
176	271
176	293
176	294
176	299
176	306
176	309
176	316
176	318
176	407
176	410
176	420
176	428
176	429
176	430
176	431
176	432
176	436
176	438
176	439
176	440
176	441
177	169
177	171
177	178
177	180
177	181
177	188
177	196
177	202
177	226
177	227
177	263
177	264
177	269
177	270
177	295
177	297
177	298
177	307
177	309
177	310
177	317
177	318
177	410
177	411
177	413
177	414
177	421
177	422
177	430
177	437
177	438
177	439
177	442
177	443
178	177
178	187
178	189
178	194
178	195
178	196
178	202
178	226
178	262
178	265
178	270
178	290
178	291
178	294
178	296
178	298
178	299
178	300
178	301
178	306
178	308
178	317
178	323
178	325
178	412
178	420
178	421
178	431
178	432
178	433
178	436
178	444
178	445
179	176
179	190
179	194
179	197
179	201
179	225
179	227
179	261
179	265
179	271
179	272
179	292
179	293
179	299
179	305
179	306
179	316
179	317
179	322
179	323
179	324
179	411
179	412
179	420
179	421
179	430
179	434
179	435
179	445
180	190
180	193
180	198
180	199
180	200
180	210
180	225
180	228
180	263
180	264
180	265
180	266
180	272
180	292
180	294
180	300
180	301
180	304
180	312
180	315
180	316
180	318
180	321
180	324
180	411
180	421
180	428
180	429
180	431
180	432
180	442
180	446
181	189
181	191
181	192
181	194
181	200
181	210
181	224
181	227
181	266
181	273
181	288
181	292
181	295
181	296
181	302
181	303
181	308
181	312
181	313
181	315
181	319
181	320
181	325
181	412
181	421
181	423
181	426
181	427
181	428
181	433
181	440
181	441
181	446
181	447
182	185
182	188
182	191
182	195
182	196
182	200
182	210
182	224
182	226
182	228
182	229
182	231
182	267
182	272
182	289
182	291
182	292
182	293
182	297
182	304
182	308
182	310
182	312
182	314
182	315
182	321
182	368
182	408
182	409
182	411
182	412
182	421
182	423
182	427
182	428
182	433
182	434
182	435
182	436
182	437
182	438
182	439
182	440
183	186
183	187
183	190
183	194
183	197
183	198
183	199
183	200
183	210
183	224
183	225
183	226
183	230
183	268
183	271
183	272
183	284
183	290
183	298
183	307
183	309
183	311
183	312
183	313
183	316
183	320
183	362
183	365
183	368
183	404
183	410
183	411
183	412
183	422
183	426
183	432
183	435
183	437
183	440
184	184
184	185
184	187
184	188
184	189
184	193
184	197
184	201
184	204
184	205
184	210
184	220
184	221
184	224
184	231
184	232
184	267
184	269
184	270
184	283
184	284
184	285
184	288
184	290
184	299
184	300
184	305
184	306
184	309
184	313
184	363
184	364
184	366
184	367
184	404
184	407
184	408
184	409
184	423
184	424
184	425
184	441
184	442
184	443
184	444
185	186
185	187
185	195
185	196
185	202
185	203
185	209
185	210
185	222
185	223
185	263
185	264
185	265
185	267
185	268
185	283
185	285
185	288
185	291
185	292
185	293
185	294
185	295
185	299
185	301
185	302
185	303
185	304
185	312
185	364
185	368
185	369
185	370
185	405
185	406
185	409
185	410
185	422
185	426
185	441
186	182
186	183
186	184
186	186
186	200
186	201
186	202
186	203
186	207
186	208
186	209
186	224
186	225
186	266
186	268
186	282
186	284
186	289
186	290
186	299
186	364
186	366
186	367
186	374
186	410
186	411
186	421
186	440
186	441
186	447
187	179
187	180
187	182
187	185
187	200
187	201
187	203
187	204
187	205
187	206
187	207
187	209
187	221
187	223
187	224
187	269
187	273
187	285
187	289
187	364
187	365
187	368
187	370
187	375
187	390
187	407
187	409
187	412
187	417
187	420
187	421
187	429
187	441
187	443
187	444
187	445
187	446
187	447
188	180
188	181
188	205
188	208
188	211
188	222
188	224
188	259
188	265
188	266
188	268
188	274
188	275
188	284
188	286
188	288
188	368
188	369
188	375
188	390
188	391
188	394
188	395
188	408
188	410
188	413
188	416
188	419
188	420
188	427
188	428
188	430
188	442
188	446
188	448
188	450
189	179
189	181
189	209
189	210
189	222
189	258
189	267
189	273
189	287
189	370
189	372
189	373
189	374
189	389
189	390
189	391
189	395
189	411
189	413
189	414
189	417
189	418
189	419
189	425
189	426
189	427
189	428
189	443
189	444
189	448
189	449
190	181
190	210
190	216
190	221
190	259
190	262
190	268
190	272
190	274
190	275
190	276
190	286
190	287
190	370
190	371
190	372
190	381
190	392
190	394
190	397
190	398
190	411
190	412
190	416
190	418
190	420
190	421
190	422
190	423
190	424
190	428
190	444
190	445
190	446
191	180
191	202
191	203
191	208
191	210
191	217
191	218
191	219
191	221
191	260
191	263
191	268
191	274
191	286
191	371
191	372
191	379
191	380
191	381
191	392
191	393
191	397
191	411
191	413
191	414
191	415
191	428
191	429
192	177
192	179
192	180
192	204
192	205
192	209
192	211
192	213
192	218
192	220
192	261
192	262
192	268
192	273
192	285
192	286
192	291
192	372
192	373
192	379
192	393
192	396
192	403
192	410
192	429
192	435
193	178
193	206
193	212
193	214
193	219
193	221
193	263
193	265
193	266
193	267
193	272
193	274
193	285
193	287
193	288
193	290
193	374
193	378
193	391
193	392
193	396
193	402
193	411
193	428
193	435
193	439
194	207
194	215
194	220
194	221
194	264
194	266
194	272
194	274
194	277
194	285
194	289
194	374
194	375
194	376
194	377
194	379
194	392
194	395
194	402
194	407
194	410
194	429
194	430
194	432
194	433
194	434
194	436
194	438
194	440
195	208
195	213
195	214
195	216
195	219
195	220
195	224
195	265
195	267
195	273
195	277
195	280
195	282
195	283
195	284
195	290
195	374
195	375
195	378
195	392
195	395
195	401
195	403
195	407
195	411
195	431
195	435
195	437
195	438
195	441
195	444
195	445
196	209
196	210
196	212
196	217
196	219
196	220
196	223
196	267
196	272
196	275
196	276
196	279
196	281
196	282
196	374
196	393
196	394
196	402
196	406
196	410
196	411
196	431
196	442
196	443
197	192
197	193
197	194
197	210
197	211
197	218
197	220
197	223
197	267
197	272
197	275
197	279
197	282
197	286
197	287
197	288
197	371
197	374
197	395
197	398
197	401
197	402
197	404
197	405
197	407
197	408
197	409
197	412
197	415
197	416
197	417
197	430
197	431
197	432
197	434
197	443
198	191
198	192
198	195
198	197
198	208
198	209
198	220
198	222
198	268
198	272
198	273
198	274
198	278
198	281
198	284
198	285
198	288
198	372
198	373
198	375
198	395
198	397
198	400
198	403
198	405
198	409
198	413
198	414
198	416
198	418
198	433
198	444
199	196
199	198
199	208
199	210
199	219
199	221
199	223
199	224
199	269
199	272
199	274
199	278
199	280
199	283
199	372
199	396
199	398
199	399
199	406
199	410
199	417
199	428
199	433
199	445
199	446
200	194
200	195
200	199
200	202
200	207
200	211
200	221
200	268
200	270
200	271
200	273
200	274
200	277
200	278
200	279
200	281
200	282
200	372
200	373
200	386
200	395
200	406
200	407
200	417
200	426
200	427
200	433
200	444
201	194
201	200
201	202
201	203
201	205
201	206
201	216
201	221
201	222
201	226
201	273
201	275
201	276
201	283
201	367
201	368
201	371
201	387
201	389
201	394
201	408
201	417
201	425
202	193
202	201
202	202
202	203
202	204
202	215
202	217
202	218
202	219
202	220
202	223
202	224
202	225
202	270
202	271
202	272
202	276
202	284
202	285
202	286
202	369
202	370
202	371
202	388
202	395
202	407
202	408
202	409
202	416
202	423
202	424
202	426
203	205
203	221
203	223
203	264
203	271
203	275
203	369
203	370
203	371
203	373
203	384
203	388
203	389
203	394
203	415
203	417
203	422
203	427
204	222
204	252
204	262
204	263
204	270
204	272
204	275
204	278
204	280
204	372
204	379
204	383
204	389
204	390
204	395
204	399
204	400
204	415
204	417
204	421
204	423
204	428
204	429
204	432
204	433
205	222
205	248
205	251
205	252
205	264
205	268
205	269
205	271
205	272
205	276
205	277
205	279
205	372
205	373
205	374
205	378
205	382
205	390
205	392
205	393
205	394
205	396
205	397
205	398
205	413
205	414
205	416
205	418
205	420
205	424
205	425
205	430
205	431
206	221
206	223
206	226
206	248
206	249
206	251
206	252
206	263
206	269
206	272
206	275
206	372
206	379
206	382
206	386
206	390
206	391
206	392
206	395
206	396
206	397
206	416
206	419
206	421
206	422
206	425
206	431
207	221
207	223
207	224
207	225
207	228
207	247
207	250
207	263
207	265
207	270
207	271
207	274
207	282
207	373
207	375
207	377
207	380
207	381
207	383
207	384
207	385
207	387
207	389
207	393
207	398
207	399
207	422
207	424
207	426
207	432
208	214
208	215
208	216
208	217
208	218
208	219
208	220
208	222
208	224
208	225
208	228
208	249
208	250
208	252
208	259
208	260
208	263
208	264
208	272
208	274
208	275
208	278
208	281
208	283
208	374
208	376
208	378
208	379
208	381
208	386
208	388
208	390
208	393
208	397
208	427
208	428
208	429
209	216
209	225
209	227
209	248
209	249
209	251
209	261
209	262
209	265
209	267
209	272
209	273
209	276
209	277
209	279
209	280
209	315
209	374
209	375
209	376
209	377
209	387
209	390
209	394
209	397
209	427
209	430
209	436
210	215
210	226
210	230
210	247
210	248
210	249
210	266
210	267
210	268
210	272
210	277
210	280
210	313
210	315
210	336
210	371
210	374
210	377
210	387
210	394
210	398
210	426
210	431
210	435
211	163
211	177
211	179
211	225
211	226
211	227
211	228
211	231
211	232
211	241
211	250
211	252
211	268
211	271
211	275
211	314
211	337
211	370
211	373
211	378
211	379
211	380
211	394
211	425
211	431
211	434
212	162
212	178
212	188
212	224
212	226
212	227
212	228
212	230
212	232
212	241
212	251
212	253
212	254
212	269
212	270
212	272
212	273
212	275
212	313
212	337
212	339
212	370
212	371
212	373
212	380
212	394
212	395
212	431
212	432
212	433
212	439
213	161
213	162
213	173
213	178
213	187
213	227
213	228
213	229
213	230
213	242
213	251
213	269
213	271
213	274
213	275
213	314
213	315
213	338
213	371
213	372
213	381
213	395
213	430
213	431
213	434
213	435
213	438
214	163
214	172
214	179
214	180
214	183
214	186
214	227
214	231
214	243
214	251
214	268
214	269
214	270
214	271
214	314
214	339
214	371
214	431
214	436
214	437
214	439
214	441
215	162
215	163
215	165
215	168
215	172
215	181
215	182
215	185
215	230
215	243
215	244
215	245
215	250
215	269
215	313
215	339
215	341
215	366
215	368
215	370
215	438
215	439
215	440
215	441
216	164
216	165
216	167
216	172
216	173
216	182
216	183
216	184
216	228
216	229
216	230
216	246
216	247
216	248
216	250
216	268
216	269
216	312
216	313
216	316
216	338
216	339
216	340
216	366
216	367
216	369
216	440
216	441
216	442
216	443
216	444
216	445
217	93
217	165
217	166
217	171
217	173
217	174
217	183
217	231
217	232
217	249
217	268
217	312
217	317
217	318
217	341
217	366
217	369
217	439
217	445
218	92
218	97
218	163
218	164
218	167
218	168
218	169
218	171
218	172
218	173
218	175
218	183
218	232
218	250
218	251
218	265
218	268
218	313
218	317
218	318
218	341
218	343
218	344
218	365
218	367
218	369
218	370
218	371
218	440
219	93
219	94
219	97
219	99
219	100
219	101
219	167
219	168
219	170
219	171
219	172
219	176
219	183
219	228
219	232
219	249
219	252
219	256
219	257
219	266
219	267
219	312
219	314
219	315
219	316
219	317
219	342
219	362
219	365
219	368
219	370
220	92
220	95
220	96
220	98
220	168
220	169
220	170
220	176
220	184
220	224
220	228
220	229
220	230
220	233
220	248
220	253
220	254
220	256
220	266
220	268
220	281
220	282
220	310
220	311
220	312
220	314
220	316
220	317
220	318
220	341
220	342
220	360
220	361
220	364
220	369
220	371
221	91
221	97
221	98
221	109
221	171
221	175
221	177
221	178
221	180
221	184
221	198
221	200
221	225
221	228
221	231
221	233
221	255
221	260
221	269
221	272
221	280
221	281
221	309
221	311
221	315
221	318
221	334
221	341
221	343
221	362
221	363
221	369
221	371
222	96
222	97
222	109
222	171
222	175
222	178
222	179
222	180
222	183
222	199
222	201
222	226
222	227
222	229
222	230
222	232
222	233
222	234
222	238
222	256
222	259
222	261
222	264
222	268
222	269
222	270
222	271
222	272
222	273
222	279
222	280
222	308
222	311
222	314
222	319
222	333
222	334
222	339
222	340
222	343
222	364
222	368
222	377
223	96
223	97
223	100
223	103
223	106
223	108
223	173
223	174
223	176
223	181
223	183
223	201
223	202
223	224
223	225
223	228
223	230
223	234
223	237
223	254
223	255
223	256
223	257
223	260
223	261
223	262
223	264
223	268
223	269
223	273
223	278
223	309
223	311
223	315
223	316
223	335
223	338
223	339
223	343
223	365
223	367
223	376
223	380
223	381
223	392
224	97
224	100
224	104
224	105
224	106
224	108
224	180
224	182
224	185
224	186
224	193
224	202
224	235
224	238
224	256
224	257
224	261
224	263
224	267
224	274
224	275
224	276
224	277
224	310
224	311
224	314
224	318
224	333
224	335
224	338
224	339
224	366
224	367
224	368
224	376
224	377
224	378
224	379
224	388
224	391
224	393
225	98
225	99
225	101
225	102
225	105
225	107
225	113
225	180
225	183
225	185
225	193
225	203
225	235
225	238
225	257
225	258
225	262
225	267
225	276
225	312
225	313
225	317
225	333
225	336
225	337
225	339
225	366
225	369
225	376
225	389
225	390
226	98
226	102
226	103
226	104
226	105
226	113
226	180
226	184
226	192
226	198
226	202
226	204
226	234
226	236
226	238
226	259
226	262
226	267
226	269
226	277
226	311
226	312
226	313
226	314
226	315
226	316
226	330
226	333
226	336
226	337
226	351
226	366
226	376
226	379
226	388
226	390
226	393
226	394
227	96
227	97
227	105
227	113
227	184
227	185
227	192
227	194
227	199
227	202
227	229
227	233
227	234
227	237
227	243
227	260
227	261
227	262
227	268
227	310
227	315
227	316
227	331
227	333
227	338
227	350
227	364
227	365
227	376
227	378
227	387
227	391
227	392
227	393
228	103
228	105
228	107
228	108
228	109
228	110
228	113
228	127
228	183
228	184
228	185
228	193
228	194
228	199
228	201
228	229
228	232
228	238
228	239
228	240
228	244
228	260
228	261
228	262
228	267
228	308
228	309
228	314
228	332
228	338
228	349
228	351
228	365
228	376
228	378
228	386
228	387
229	103
229	104
229	105
229	106
229	107
229	108
229	112
229	124
229	127
229	182
229	186
229	192
229	194
229	200
229	230
229	231
229	239
229	241
229	244
229	262
229	266
229	268
229	269
229	309
229	332
229	336
229	337
229	350
229	364
229	371
229	373
229	376
229	377
229	379
229	383
229	384
229	385
229	388
229	389
230	102
230	103
230	108
230	113
230	114
230	124
230	125
230	126
230	182
230	187
230	189
230	191
230	195
230	199
230	239
230	240
230	241
230	243
230	262
230	263
230	265
230	308
230	309
230	333
230	334
230	335
230	337
230	349
230	364
230	366
230	368
230	369
230	370
230	372
230	375
230	378
230	380
230	381
230	382
230	390
231	107
231	109
231	112
231	114
231	115
231	116
231	117
231	125
231	181
231	185
231	187
231	188
231	190
231	194
231	195
231	197
231	200
231	238
231	239
231	242
231	244
231	248
231	263
231	265
231	266
231	304
231	306
231	307
231	333
231	346
231	347
231	348
231	365
231	367
231	371
231	373
231	374
231	391
232	92
232	93
232	110
232	111
232	112
232	113
232	114
232	115
232	125
232	149
232	150
232	151
232	183
232	184
232	186
232	189
232	195
232	197
232	198
232	199
232	245
232	248
232	259
232	263
232	264
232	267
232	303
232	307
232	332
232	333
232	334
232	335
232	336
232	348
232	364
232	366
232	375
232	406
233	93
233	106
233	111
233	113
233	114
233	115
233	123
233	124
233	133
233	134
233	147
233	149
233	152
233	184
233	196
233	199
233	245
233	247
233	260
233	262
233	265
233	304
233	307
233	330
233	332
233	335
233	337
233	347
233	363
233	367
233	368
233	369
233	376
233	385
233	405
234	94
234	107
234	108
234	112
234	113
234	118
234	124
234	132
234	141
234	148
234	151
234	182
234	183
234	184
234	195
234	199
234	233
234	236
234	245
234	246
234	261
234	277
234	305
234	307
234	308
234	331
234	346
234	348
234	349
234	361
234	362
234	367
234	369
234	370
234	377
234	379
234	384
234	405
235	95
235	108
235	109
235	113
235	117
235	123
235	129
235	132
235	134
235	135
235	140
235	147
235	149
235	152
235	181
235	183
235	194
235	198
235	200
235	207
235	212
235	230
235	231
235	232
235	234
235	236
235	240
235	246
235	247
235	259
235	260
235	261
235	274
235	277
235	305
235	307
235	319
235	320
235	329
235	331
235	346
235	360
235	362
235	367
235	368
235	371
235	376
235	378
235	380
235	381
235	382
235	383
235	385
235	402
235	405
236	91
236	92
236	95
236	107
236	108
236	109
236	111
236	113
236	114
236	116
236	124
236	126
236	130
236	133
236	139
236	140
236	148
236	149
236	151
236	160
236	180
236	191
236	192
236	193
236	200
236	207
236	208
236	211
236	233
236	234
236	235
236	237
236	239
236	240
236	243
236	247
236	259
236	261
236	273
236	275
236	276
236	301
236	302
236	304
236	307
236	312
236	318
236	328
236	330
236	342
236	346
236	359
236	369
236	375
236	377
236	378
236	379
236	385
236	402
236	405
237	92
237	93
237	94
237	95
237	96
237	98
237	99
237	101
237	102
237	103
237	106
237	109
237	110
237	112
237	114
237	115
237	116
237	117
237	121
237	125
237	130
237	132
237	140
237	150
237	159
237	188
237	189
237	191
237	197
237	199
237	201
237	202
237	208
237	212
237	238
237	240
237	243
237	248
237	249
237	261
237	272
237	274
237	276
237	303
237	307
237	310
237	312
237	315
237	318
237	325
237	329
237	330
237	334
237	342
237	347
237	348
237	358
237	359
237	369
237	374
237	377
237	401
237	404
237	406
237	410
238	88
238	97
238	100
238	103
238	104
238	105
238	106
238	109
238	112
238	113
238	114
238	117
238	118
238	119
238	122
238	124
238	125
238	126
238	127
238	128
238	130
238	131
238	132
238	140
238	150
238	160
238	161
238	190
238	196
238	198
238	199
238	200
238	203
238	204
238	209
238	211
238	213
238	241
238	242
238	243
238	244
238	248
238	258
238	260
238	261
238	265
238	271
238	299
238	302
238	303
238	304
238	306
238	309
238	311
238	314
238	317
238	325
238	326
238	328
238	329
238	330
238	331
238	333
238	339
238	343
238	345
238	346
238	354
238	357
238	360
238	369
238	377
238	396
238	399
238	400
238	402
238	403
238	407
238	409
238	410
239	87
239	96
239	99
239	100
239	106
239	115
239	120
239	121
239	123
239	126
239	129
239	133
239	134
239	135
239	139
239	149
239	151
239	159
239	160
239	198
239	201
239	202
239	205
239	208
239	209
239	210
239	238
239	240
239	242
239	245
239	246
239	247
239	259
239	261
239	265
239	270
239	299
239	303
239	305
239	306
239	307
239	308
239	309
239	312
239	313
239	315
239	316
239	326
239	327
239	332
239	333
239	337
239	338
239	339
239	341
239	342
239	343
239	344
239	347
239	355
239	356
239	360
239	361
239	362
239	378
239	379
239	381
239	384
239	397
239	398
239	400
239	406
239	408
240	82
240	85
240	86
240	94
240	95
240	106
240	114
240	120
240	129
240	130
240	134
240	136
240	139
240	140
240	148
240	153
240	155
240	158
240	171
240	197
240	200
240	206
240	207
240	211
240	238
240	239
240	248
240	262
240	266
240	271
240	273
240	274
240	299
240	302
240	309
240	314
240	316
240	318
240	325
240	328
240	333
240	334
240	336
240	337
240	340
240	341
240	342
240	348
240	354
240	355
240	360
240	377
240	380
240	383
240	384
240	389
240	396
240	397
240	401
240	406
241	81
241	82
241	87
241	92
241	93
241	104
241	106
241	112
241	113
241	120
241	126
241	129
241	132
241	134
241	137
241	139
241	144
241	147
241	149
241	154
241	158
241	163
241	170
241	195
241	196
241	205
241	207
241	210
241	212
241	214
241	239
241	248
241	260
241	261
241	266
241	267
241	270
241	272
241	273
241	275
241	295
241	298
241	300
241	301
241	309
241	314
241	317
241	323
241	324
241	328
241	329
241	332
241	334
241	335
241	341
241	349
241	353
241	355
241	380
241	382
241	385
241	386
241	388
241	395
241	406
242	83
242	88
242	89
242	91
242	93
242	105
242	111
242	118
242	119
242	127
242	129
242	130
242	133
242	138
242	139
242	145
242	147
242	149
242	155
242	157
242	163
242	166
242	168
242	169
242	170
242	197
242	204
242	205
242	211
242	214
242	238
242	246
242	247
242	249
242	261
242	265
242	268
242	269
242	270
242	273
242	295
242	301
242	305
242	310
242	311
242	317
242	323
242	325
242	333
242	336
242	348
242	350
242	351
242	352
242	356
242	359
242	381
242	386
242	387
242	388
242	394
242	395
242	407
242	408
243	84
243	86
243	87
243	88
243	90
243	94
243	105
243	116
243	117
243	119
243	128
243	140
243	141
243	142
243	144
243	145
243	146
243	147
243	148
243	150
243	153
243	155
243	158
243	162
243	167
243	168
243	169
243	172
243	203
243	212
243	214
243	239
243	245
243	248
243	262
243	264
243	266
243	267
243	296
243	297
243	300
243	302
243	304
243	306
243	307
243	318
243	319
243	320
243	321
243	322
243	332
243	337
243	338
243	349
243	352
243	357
243	358
243	359
243	360
243	362
243	363
243	364
243	380
243	382
243	388
243	389
243	390
243	393
244	83
244	85
244	95
244	102
244	105
244	106
244	119
244	122
244	127
244	139
244	143
244	144
244	148
244	151
244	154
244	156
244	157
244	158
244	163
244	169
244	173
244	213
244	249
244	250
244	260
244	262
244	264
244	289
244	295
244	298
244	299
244	300
244	303
244	308
244	322
244	324
244	325
244	333
244	335
244	338
244	348
244	352
244	358
244	360
244	361
244	362
244	365
244	366
244	378
244	379
244	383
244	389
244	391
244	392
244	404
245	82
245	84
245	101
245	103
245	104
245	106
245	118
245	122
245	123
245	125
245	126
245	140
245	143
245	148
245	152
245	156
245	157
245	159
245	160
245	161
245	162
245	163
245	169
245	172
245	173
245	213
245	248
245	251
245	259
245	260
245	261
245	263
245	264
245	289
245	290
245	294
245	300
245	301
245	303
245	304
245	309
245	322
245	323
245	334
245	338
245	347
245	353
245	360
245	367
245	378
245	382
245	387
245	388
245	390
245	393
245	394
245	403
245	405
246	82
246	101
246	103
246	106
246	117
246	123
246	124
246	127
246	139
246	143
246	144
246	148
246	153
246	156
246	160
246	164
246	170
246	171
246	173
246	210
246	211
246	212
246	213
246	250
246	251
246	261
246	262
246	265
246	266
246	267
246	291
246	293
246	302
246	308
246	309
246	310
246	323
246	334
246	339
246	341
246	342
246	353
246	354
246	360
246	367
246	379
246	380
246	393
246	396
246	402
246	406
247	106
247	124
247	125
247	127
247	139
247	140
247	144
247	147
247	154
247	155
247	165
247	166
247	170
247	173
247	174
247	176
247	214
247	215
247	250
247	251
247	260
247	261
247	263
247	265
247	268
247	269
247	280
247	287
247	289
247	291
247	292
247	301
247	302
247	307
247	322
247	323
247	324
247	334
247	338
247	340
247	342
247	351
247	352
247	353
247	367
247	378
247	380
247	394
247	395
247	396
247	397
247	401
247	402
248	104
248	105
248	123
248	127
248	138
248	153
248	156
248	167
248	169
248	175
248	214
248	229
248	246
248	248
248	249
248	250
248	256
248	259
248	270
248	279
248	288
248	290
248	303
248	306
248	308
248	325
248	334
248	340
248	341
248	342
248	344
248	353
248	368
248	377
248	394
248	395
248	397
248	400
248	403
249	103
249	106
249	121
249	122
249	127
249	153
249	168
249	176
249	178
249	215
249	225
249	228
249	245
249	246
249	247
249	248
249	250
249	257
249	259
249	270
249	271
249	278
249	281
249	286
249	288
249	291
249	325
249	326
249	333
249	341
249	343
249	354
249	356
249	369
249	374
249	378
249	391
249	392
249	393
249	396
249	399
250	103
250	106
250	123
250	125
250	127
250	167
250	175
250	176
250	177
250	181
250	215
250	226
250	227
250	244
250	246
250	250
250	258
250	263
250	272
250	278
250	280
250	286
250	287
250	289
250	290
250	292
250	325
250	327
250	328
250	329
250	339
250	340
250	342
250	343
250	355
250	357
250	358
250	370
250	373
250	393
250	397
250	398
250	400
251	102
251	103
251	104
251	106
251	126
251	165
251	166
251	167
251	177
251	178
251	179
251	180
251	181
251	183
251	195
251	210
251	214
251	215
251	228
251	243
251	250
251	259
251	261
251	262
251	272
251	273
251	277
251	280
251	285
251	293
251	294
251	324
251	326
251	327
251	329
251	343
251	344
251	355
251	358
251	365
251	371
251	372
251	373
251	392
252	101
252	102
252	126
252	166
252	179
252	182
252	195
252	198
252	210
252	214
252	228
252	231
252	251
252	260
252	274
252	275
252	276
252	280
252	283
252	284
252	295
252	326
252	330
252	343
252	345
252	347
252	357
252	359
252	361
252	362
252	364
252	371
252	372
252	391
252	405
252	434
252	437
252	438
253	127
253	182
253	183
253	189
253	194
253	196
253	197
253	209
253	211
253	212
253	213
253	214
253	215
253	226
253	228
253	231
253	252
253	253
253	259
253	261
253	264
253	265
253	277
253	278
253	279
253	280
253	281
253	283
253	296
253	331
253	332
253	344
253	346
253	360
253	363
253	364
253	372
253	390
253	392
253	393
253	394
253	398
253	401
253	404
253	406
253	435
253	437
253	438
253	439
254	127
254	183
254	190
254	197
254	208
254	213
254	214
254	223
254	226
254	227
254	231
254	234
254	254
254	255
254	256
254	257
254	258
254	262
254	263
254	276
254	282
254	284
254	346
254	347
254	359
254	364
254	395
254	396
254	397
254	399
254	400
254	402
254	405
254	416
254	436
254	437
255	179
255	183
255	184
255	185
255	189
255	198
255	214
255	215
255	223
255	225
255	226
255	228
255	232
255	234
255	254
255	255
255	256
255	257
255	258
255	274
255	275
255	276
255	282
255	284
255	285
255	345
255	348
255	358
255	364
255	365
255	394
255	397
255	403
255	404
255	415
255	429
255	433
255	436
255	444
256	180
256	182
256	184
256	186
256	189
256	190
256	194
256	199
256	200
256	202
256	212
256	213
256	216
256	224
256	225
256	229
256	233
256	243
256	247
256	248
256	253
256	254
256	255
256	256
256	257
256	258
256	275
256	281
256	286
256	289
256	290
256	344
256	347
256	349
256	357
256	358
256	361
256	365
256	393
256	394
256	404
256	416
256	429
256	432
256	435
256	437
256	438
256	443
257	154
257	155
257	156
257	157
257	177
257	181
257	187
257	188
257	190
257	194
257	195
257	197
257	198
257	201
257	202
257	211
257	217
257	228
257	232
257	233
257	242
257	249
257	253
257	254
257	255
257	256
257	257
257	258
257	282
257	287
257	288
257	289
257	347
257	359
257	360
257	366
257	393
257	405
257	414
257	415
257	425
257	430
257	432
257	433
257	434
257	438
257	439
257	443
258	154
258	157
258	165
258	168
258	178
258	179
258	181
258	187
258	188
258	191
258	192
258	193
258	196
258	203
258	214
258	218
258	227
258	228
258	230
258	232
258	233
258	234
258	236
258	243
258	244
258	249
258	254
258	255
258	256
258	257
258	258
258	265
258	287
258	290
258	348
258	359
258	361
258	366
258	392
258	404
258	405
258	410
258	411
258	412
258	413
258	415
258	425
258	430
258	431
258	435
258	437
258	439
258	442
259	153
259	157
259	158
259	159
259	161
259	166
259	168
259	170
259	178
259	180
259	186
259	188
259	194
259	196
259	204
259	205
259	206
259	209
259	211
259	212
259	213
259	215
259	217
259	219
259	221
259	226
259	229
259	231
259	232
259	234
259	235
259	241
259	242
259	244
259	245
259	246
259	247
259	248
259	250
259	256
259	259
259	262
259	265
259	290
259	291
259	292
259	293
259	294
259	295
259	300
259	305
259	357
259	358
259	360
259	361
259	366
259	370
259	393
259	394
259	395
259	403
259	406
259	409
259	425
259	429
259	436
259	440
259	441
259	443
260	150
260	158
260	160
260	162
260	165
260	167
260	168
260	169
260	170
260	171
260	172
260	173
260	174
260	175
260	176
260	178
260	180
260	185
260	188
260	193
260	206
260	207
260	208
260	210
260	216
260	220
260	222
260	224
260	225
260	229
260	230
260	236
260	241
260	251
260	252
260	255
260	256
260	260
260	263
260	264
260	289
260	290
260	292
260	301
260	303
260	306
260	307
260	309
260	310
260	318
260	358
260	362
260	366
260	370
260	395
260	404
260	407
260	408
260	426
260	428
260	429
260	430
260	431
260	436
260	442
261	146
261	151
261	157
261	159
261	163
261	164
261	166
261	172
261	177
261	180
261	181
261	194
261	207
261	209
261	216
261	223
261	235
261	237
261	238
261	240
261	249
261	250
261	253
261	254
261	260
261	262
261	264
261	289
261	291
261	292
261	296
261	297
261	301
261	302
261	303
261	305
261	308
261	317
261	358
261	363
261	367
261	369
261	371
261	392
261	394
261	396
261	405
261	409
261	410
261	411
261	427
261	432
261	442
262	147
262	148
262	149
262	150
262	152
262	153
262	154
262	155
262	156
262	164
262	166
262	171
262	172
262	175
262	176
262	179
262	205
262	208
262	221
262	222
262	237
262	238
262	239
262	253
262	260
262	261
262	265
262	266
262	291
262	293
262	295
262	298
262	300
262	304
262	306
262	315
262	316
262	318
262	362
262	363
262	364
262	368
262	393
262	409
262	410
262	426
262	432
263	140
263	147
263	148
263	154
263	157
263	165
263	172
263	175
263	203
263	204
263	206
263	207
263	221
263	236
263	252
263	253
263	259
263	262
263	290
263	294
263	299
263	300
263	307
263	314
263	361
263	368
263	369
263	370
263	371
263	392
263	409
263	410
263	411
263	426
263	432
264	141
264	145
264	146
264	149
264	152
264	153
264	163
264	164
264	175
264	203
264	214
264	216
264	220
264	236
264	247
264	249
264	250
264	251
264	253
264	258
264	262
264	289
264	294
264	301
264	308
264	309
264	310
264	313
264	368
264	369
264	372
264	391
264	393
264	411
264	425
264	433
265	142
265	143
265	144
265	146
265	150
265	151
265	154
265	161
265	162
265	163
265	164
265	202
265	213
265	215
265	216
265	217
265	219
265	228
265	232
265	233
265	234
265	235
265	248
265	250
265	252
265	259
265	260
265	293
265	295
265	296
265	297
265	310
265	312
265	314
265	367
265	373
265	390
265	391
265	412
265	424
265	428
266	141
266	146
266	149
266	161
266	164
266	217
266	218
266	220
266	221
266	226
266	227
266	229
266	231
266	248
266	253
266	258
266	292
266	294
266	298
266	299
266	300
266	304
266	306
266	311
266	312
266	315
266	368
266	372
266	373
266	390
266	392
266	412
266	413
266	414
266	416
266	424
266	425
266	427
266	428
267	139
267	141
267	145
267	146
267	149
267	158
267	159
267	160
267	164
267	204
267	218
267	219
267	225
267	227
267	230
267	246
267	247
267	249
267	258
267	293
267	298
267	301
267	303
267	305
267	312
267	367
267	369
267	390
267	413
267	415
267	416
267	418
267	423
267	426
268	139
268	141
268	149
268	159
268	205
268	206
268	215
268	217
268	224
268	246
268	247
268	250
268	257
268	292
268	294
268	295
268	298
268	302
268	306
268	307
268	313
268	314
268	315
268	369
268	410
268	411
268	412
268	413
268	417
268	422
268	427
269	140
269	141
269	207
269	208
269	216
269	218
269	245
269	248
269	250
269	258
269	259
269	261
269	291
269	298
269	303
269	306
269	307
269	313
269	412
269	416
269	422
269	423
270	141
270	208
270	210
270	211
270	216
270	244
270	247
270	257
270	260
270	263
270	291
270	292
270	302
270	308
270	313
270	411
270	412
270	417
270	419
270	420
270	421
270	424
270	426
271	141
271	203
271	204
271	208
271	209
271	212
271	213
271	215
271	216
271	246
271	248
271	261
271	262
271	292
271	302
271	308
271	310
271	311
271	328
271	330
271	410
271	411
271	418
271	425
272	139
272	140
272	193
272	194
272	195
272	205
272	206
272	207
272	214
272	246
272	249
272	250
272	260
272	262
272	293
272	309
272	312
272	313
272	314
272	327
272	328
272	329
272	412
272	418
272	424
273	138
273	194
273	195
273	205
273	206
273	212
273	214
273	215
273	216
273	240
273	242
273	244
273	245
273	246
273	248
273	250
273	258
273	259
273	262
273	263
273	265
273	293
273	310
273	312
273	315
273	320
273	325
273	326
273	327
273	410
273	411
273	415
273	418
273	425
274	138
274	195
274	200
274	201
274	203
274	204
274	206
274	207
274	213
274	214
274	236
274	241
274	243
274	250
274	256
274	257
274	264
274	310
274	315
274	321
274	322
274	323
274	324
274	406
274	409
274	411
274	416
274	417
274	419
274	426
274	429
275	194
275	196
275	197
275	202
275	203
275	204
275	215
275	234
275	236
275	237
275	240
275	243
275	244
275	250
275	264
275	273
275	316
275	319
275	320
275	407
275	408
275	411
275	419
275	420
275	426
275	428
275	429
275	437
276	198
276	205
276	215
276	230
276	235
276	236
276	237
276	238
276	240
276	244
276	263
276	264
276	265
276	271
276	273
276	274
276	277
276	278
276	316
276	318
276	321
276	322
276	407
276	420
276	421
276	422
276	427
276	433
276	434
276	438
277	188
277	191
277	199
277	204
277	214
277	215
277	231
277	232
277	234
277	239
277	244
277	262
277	266
277	272
277	275
277	276
277	315
277	317
277	319
277	406
277	407
277	408
277	418
277	420
277	423
277	427
277	434
277	435
277	436
277	437
277	438
278	182
278	184
278	189
278	190
278	198
278	200
278	204
278	216
278	231
278	233
278	238
278	244
278	245
278	265
278	271
278	275
278	319
278	320
278	325
278	418
278	419
278	420
278	426
278	428
278	430
278	434
279	183
279	184
279	185
279	186
279	187
279	188
279	190
279	196
279	198
279	201
279	202
279	203
279	204
279	216
279	228
279	230
279	239
279	246
279	264
279	266
279	270
279	276
279	277
279	318
279	320
279	324
279	325
279	326
279	421
279	429
279	431
279	433
279	438
279	449
280	181
280	183
280	185
280	189
280	191
280	195
280	196
280	197
280	202
280	204
280	227
280	229
280	239
280	245
280	266
280	267
280	268
280	269
280	276
280	277
280	319
280	321
280	322
280	323
280	419
280	420
280	430
280	432
280	434
280	437
280	448
280	450
281	181
281	182
281	192
281	193
281	194
281	195
281	200
281	201
281	204
281	226
281	229
281	230
281	238
281	245
281	265
281	270
281	275
281	276
281	277
281	321
281	323
281	417
281	419
281	420
281	421
281	422
281	430
281	433
281	434
281	436
281	448
282	179
282	180
282	190
282	191
282	193
282	194
282	200
282	202
282	205
282	224
282	225
282	226
282	230
282	237
282	244
282	246
282	247
282	248
282	249
282	270
282	275
282	277
282	279
282	320
282	322
282	323
282	418
282	419
282	431
282	432
282	433
282	435
282	442
282	443
282	448
283	178
283	184
283	185
283	186
283	189
283	190
283	192
283	202
283	205
283	226
283	230
283	231
283	236
283	238
283	246
283	250
283	269
283	271
283	275
283	278
283	279
283	288
283	319
283	321
283	324
283	419
283	420
283	430
283	435
283	441
283	444
283	446
283	447
284	165
284	166
284	185
284	187
284	188
284	189
284	201
284	204
284	225
284	239
284	245
284	250
284	268
284	271
284	274
284	277
284	278
284	279
284	284
284	288
284	417
284	418
284	419
284	420
284	428
284	429
284	430
284	436
284	438
284	440
284	441
284	445
285	167
285	169
285	185
285	186
285	187
285	200
285	203
285	224
285	236
285	239
285	241
285	242
285	245
285	251
285	268
285	271
285	274
285	275
285	279
285	280
285	281
285	284
285	288
285	289
285	418
285	419
285	421
285	431
285	432
285	433
285	437
285	439
285	442
285	445
286	167
286	168
286	184
286	188
286	198
286	199
286	237
286	238
286	239
286	240
286	245
286	251
286	267
286	270
286	275
286	282
286	283
286	289
286	416
286	417
286	418
286	421
286	422
286	431
286	435
286	436
286	441
286	446
287	169
287	172
287	184
287	187
287	188
287	197
287	200
287	236
287	240
287	252
287	266
287	268
287	269
287	270
287	276
287	284
287	287
287	288
287	291
287	418
287	423
287	431
287	437
287	438
287	439
287	442
287	447
288	168
288	169
288	170
288	171
288	172
288	173
288	183
288	186
288	196
288	199
288	236
288	267
288	270
288	276
288	284
288	286
288	289
288	290
288	292
288	418
288	424
288	430
288	436
288	448
289	170
289	174
289	182
289	197
289	200
289	234
289	235
289	266
289	270
289	271
289	276
289	277
289	285
289	290
289	291
289	304
289	418
289	423
289	430
289	436
289	449
290	175
290	176
290	178
290	180
290	181
290	196
290	233
290	236
290	265
290	270
290	272
290	278
290	279
290	280
290	285
290	286
290	290
290	292
290	293
290	303
290	315
290	316
290	318
290	417
290	422
290	429
290	431
290	448
291	175
291	177
291	179
291	194
291	195
291	196
291	231
291	232
291	234
291	237
291	266
291	270
291	277
291	280
291	286
291	291
291	292
291	293
291	302
291	314
291	317
291	318
291	422
291	432
291	447
292	169
292	173
292	174
292	176
292	178
292	231
292	235
292	237
292	265
292	268
292	269
292	279
292	281
292	290
292	291
292	292
292	296
292	300
292	301
292	302
292	313
292	423
292	432
292	433
293	168
293	172
293	173
293	174
293	231
293	232
293	236
293	264
293	269
293	279
293	280
293	292
293	293
293	294
293	295
293	296
293	297
293	298
293	299
293	312
293	423
293	430
293	431
294	168
294	169
294	171
294	174
294	231
294	236
294	239
294	263
294	264
294	268
294	279
294	291
294	293
294	296
294	299
294	311
294	429
294	432
294	434
295	166
295	167
295	168
295	170
295	173
295	224
295	229
295	230
295	237
295	238
295	239
295	241
295	263
295	264
295	267
295	279
295	290
295	296
295	310
295	433
295	435
296	168
296	173
296	224
296	228
296	231
296	232
296	240
296	268
296	279
296	290
296	291
296	297
296	310
296	311
296	436
297	174
297	223
297	225
297	229
297	240
297	241
297	243
297	269
297	290
297	297
297	309
297	436
297	438
298	226
298	228
298	237
298	239
298	242
298	243
298	244
298	268
298	289
298	291
298	296
298	298
298	307
298	308
298	437
299	226
299	227
299	229
299	238
299	242
299	245
299	249
299	268
299	269
299	270
299	288
299	292
299	295
299	299
299	300
299	303
299	307
299	438
300	226
300	238
300	242
300	243
300	246
300	247
300	248
300	265
300	267
300	288
300	292
300	298
300	301
300	302
300	305
300	306
300	307
300	314
301	127
301	132
301	134
301	217
301	225
301	226
301	227
301	238
301	239
301	244
301	247
301	252
301	266
301	268
301	286
301	288
301	289
301	293
301	303
301	304
301	308
301	309
301	313
302	122
302	128
302	129
302	130
302	133
302	217
302	225
302	226
302	228
302	237
302	242
302	243
302	244
302	248
302	249
302	251
302	252
302	265
302	266
302	284
302	285
302	286
302	287
302	293
302	302
302	303
302	307
302	310
302	313
303	123
303	124
303	125
303	126
303	129
303	130
303	132
303	153
303	218
303	224
303	225
303	228
303	236
303	241
303	242
303	250
303	253
303	255
303	264
303	265
303	267
303	282
303	283
303	284
303	287
303	294
303	301
303	304
303	307
303	311
303	312
303	316
304	125
304	127
304	128
304	129
304	130
304	132
304	138
304	154
304	219
304	220
304	221
304	223
304	224
304	236
304	241
304	243
304	250
304	254
304	263
304	266
304	277
304	278
304	279
304	281
304	287
304	294
304	295
304	306
304	308
304	312
304	313
304	315
304	320
304	326
305	128
305	131
305	139
305	152
305	155
305	157
305	218
305	222
305	224
305	241
305	242
305	244
305	245
305	246
305	262
305	265
305	280
305	281
305	282
305	286
305	295
305	305
305	311
305	314
305	319
305	320
305	321
305	325
305	326
306	128
306	132
306	135
306	139
306	151
306	153
306	154
306	155
306	157
306	213
306	218
306	219
306	221
306	225
306	240
306	262
306	266
306	267
306	279
306	281
306	282
306	294
306	295
306	305
306	315
306	316
306	318
306	319
306	321
306	323
306	324
306	326
306	327
306	338
307	125
307	127
307	133
307	134
307	136
307	137
307	139
307	140
307	141
307	145
307	151
307	152
307	156
307	157
307	213
307	220
307	221
307	226
307	240
307	262
307	266
307	283
307	294
307	305
307	306
307	314
307	315
307	317
307	321
307	322
307	323
307	324
307	327
307	328
307	330
307	338
308	123
308	124
308	126
308	132
308	136
308	137
308	139
308	142
308	144
308	151
308	156
308	158
308	159
308	162
308	213
308	214
308	220
308	222
308	227
308	228
308	239
308	240
308	261
308	266
308	281
308	282
308	284
308	285
308	293
308	304
308	306
308	315
308	321
308	326
308	329
308	336
308	337
309	134
309	138
309	143
309	147
309	149
309	150
309	160
309	162
309	215
309	218
309	219
309	229
309	240
309	241
309	242
309	243
309	258
309	260
309	261
309	267
309	282
309	286
309	287
309	293
309	303
309	316
309	326
309	330
309	338
310	135
310	137
310	143
310	144
310	145
310	146
310	147
310	148
310	151
310	159
310	161
310	162
310	163
310	216
310	217
310	220
310	221
310	227
310	228
310	230
310	231
310	240
310	241
310	244
310	245
310	251
310	258
310	259
310	262
310	266
310	280
310	281
310	285
310	287
310	302
310	316
310	330
310	337
310	338
311	136
311	142
311	143
311	149
311	158
311	160
311	163
311	164
311	215
311	219
311	222
311	226
311	229
311	232
311	234
311	243
311	244
311	245
311	250
311	260
311	265
311	266
311	280
311	281
311	284
311	288
311	302
311	303
311	316
311	317
311	331
311	336
311	373
311	375
312	137
312	140
312	141
312	150
312	163
312	164
312	214
312	219
312	233
312	234
312	242
312	246
312	247
312	249
312	250
312	261
312	279
312	284
312	301
312	315
312	318
312	331
312	332
312	333
312	335
312	336
312	337
312	374
313	138
313	142
313	165
313	178
313	218
313	220
313	241
313	243
313	247
313	248
313	251
313	262
313	263
313	278
313	283
313	284
313	300
313	302
313	319
313	321
313	334
313	335
313	338
313	339
313	361
313	362
313	369
313	374
313	376
314	135
314	136
314	137
314	165
314	166
314	167
314	168
314	178
314	179
314	215
314	218
314	220
314	240
314	243
314	246
314	264
314	280
314	281
314	282
314	283
314	285
314	299
314	300
314	320
314	322
314	334
314	335
314	336
314	354
314	357
314	362
314	363
314	365
314	367
314	368
314	375
315	133
315	134
315	137
315	165
315	168
315	171
315	172
315	173
315	178
315	181
315	183
315	203
315	214
315	216
315	217
315	220
315	221
315	222
315	223
315	247
315	263
315	279
315	282
315	286
315	298
315	301
315	319
315	320
315	323
315	334
315	355
315	356
315	360
315	361
315	362
315	364
315	366
315	367
315	372
315	375
316	165
316	169
316	170
316	173
316	174
316	177
316	182
316	204
316	213
316	216
316	220
316	222
316	246
316	247
316	282
316	285
316	287
316	299
316	301
316	315
316	318
316	332
316	333
316	334
316	335
316	354
316	355
316	357
316	358
316	359
316	367
316	368
316	373
316	374
317	164
317	174
317	175
317	178
317	183
317	189
317	203
317	212
317	215
317	223
317	226
317	227
317	228
317	247
317	280
317	281
317	288
317	301
317	302
317	316
317	317
317	319
317	333
317	335
317	339
317	351
317	354
317	355
317	359
317	361
317	369
317	372
317	382
317	383
318	176
318	178
318	180
318	181
318	183
318	189
318	192
318	204
318	207
318	212
318	216
318	217
318	224
318	225
318	246
318	247
318	282
318	287
318	302
318	303
318	315
318	318
318	332
318	335
318	336
318	337
318	338
318	340
318	351
318	353
318	360
318	369
318	371
318	372
318	378
318	379
318	381
319	156
319	159
319	173
319	177
319	179
319	182
319	183
319	190
319	192
319	193
319	205
319	206
319	210
319	211
319	217
319	226
319	248
319	282
319	286
319	302
319	305
319	314
319	318
319	319
319	331
319	336
319	343
319	346
319	349
319	351
319	352
319	369
319	370
319	377
319	379
319	380
320	157
320	158
320	160
320	161
320	173
320	174
320	176
320	178
320	184
320	190
320	192
320	194
320	195
320	206
320	207
320	209
320	210
320	216
320	218
320	227
320	229
320	247
320	280
320	281
320	301
320	303
320	304
320	317
320	319
320	330
320	331
320	337
320	340
320	341
320	342
320	346
320	347
320	348
320	350
320	352
320	355
320	362
320	363
320	365
320	370
320	371
320	373
320	374
320	375
320	377
321	157
321	162
321	168
321	172
321	173
321	175
321	185
321	190
321	192
321	193
321	194
321	195
321	196
321	203
321	205
321	206
321	208
321	211
321	216
321	218
321	228
321	246
321	247
321	279
321	282
321	283
321	296
321	297
321	301
321	302
321	303
321	320
321	331
321	332
321	338
321	339
321	342
321	345
321	348
321	353
321	354
321	356
321	357
321	359
321	360
321	361
321	364
321	372
321	376
321	377
322	156
322	161
322	162
322	163
322	164
322	169
322	171
322	183
322	184
322	186
322	188
322	189
322	190
322	191
322	195
322	197
322	198
322	200
322	201
322	202
322	203
322	204
322	207
322	218
322	248
322	278
322	281
322	296
322	298
322	300
322	304
322	305
322	321
322	340
322	342
322	343
322	344
322	349
322	354
322	358
322	362
322	375
322	378
322	379
322	382
323	162
323	165
323	167
323	168
323	170
323	186
323	187
323	195
323	197
323	199
323	200
323	201
323	202
323	206
323	219
323	220
323	249
323	277
323	279
323	299
323	300
323	301
323	305
323	320
323	343
323	355
323	358
323	363
323	376
323	379
323	381
324	164
324	166
324	168
324	170
324	177
324	187
324	188
324	196
324	199
324	206
324	218
324	224
324	301
324	305
324	318
324	319
324	321
324	344
324	356
324	358
324	363
324	364
324	380
325	148
325	164
325	168
325	177
325	178
325	181
325	182
325	183
325	185
325	186
325	196
325	198
325	205
325	207
325	208
325	217
325	219
325	220
325	221
325	223
325	300
325	305
325	322
325	344
325	358
325	364
325	380
325	381
326	148
326	176
326	178
326	179
326	184
326	195
326	204
326	207
326	209
326	210
326	211
326	217
326	222
326	223
326	300
326	301
326	305
326	320
326	321
326	343
326	345
326	347
326	348
326	349
326	358
326	359
326	364
326	365
326	366
326	374
326	382
326	384
327	145
327	149
327	174
327	175
327	180
327	184
327	185
327	196
327	203
327	204
327	209
327	221
327	298
327	299
327	302
327	303
327	321
327	322
327	340
327	342
327	346
327	349
327	350
327	354
327	355
327	356
327	357
327	363
327	366
327	367
327	372
327	373
327	383
327	385
328	128
328	129
328	130
328	146
328	150
328	173
328	178
328	179
328	181
328	183
328	186
328	192
328	195
328	202
328	204
328	208
328	209
328	210
328	213
328	214
328	220
328	222
328	223
328	299
328	303
328	304
328	322
328	341
328	343
328	346
328	347
328	351
328	352
328	353
328	362
328	364
328	367
328	369
328	371
328	373
328	382
328	386
329	130
329	131
329	132
329	145
329	147
329	148
329	149
329	150
329	173
329	174
329	177
329	182
329	185
329	193
329	194
329	201
329	202
329	208
329	211
329	212
329	215
329	222
329	223
329	297
329	299
329	302
329	303
329	323
329	340
329	344
329	351
329	353
329	364
329	365
329	368
329	369
329	370
329	383
329	384
329	386
329	387
329	388
330	129
330	132
330	136
330	150
330	171
330	172
330	181
330	192
330	194
330	201
330	202
330	212
330	213
330	221
330	224
330	225
330	226
330	295
330	298
330	304
330	324
330	340
330	342
330	343
330	349
330	350
330	351
330	354
330	368
330	370
330	383
331	132
331	133
331	136
331	143
331	144
331	151
331	164
331	169
331	170
331	172
331	173
331	180
331	190
331	191
331	194
331	195
331	200
331	202
331	212
331	223
331	226
331	295
331	296
331	298
331	303
331	304
331	323
331	343
331	349
331	350
331	352
331	369
331	371
331	375
331	384
331	387
332	133
332	135
332	139
332	140
332	144
332	151
332	165
332	166
332	168
332	171
332	173
332	179
332	181
332	196
332	199
332	203
332	227
332	294
332	297
332	302
332	305
332	321
332	322
332	323
332	324
332	325
332	344
332	353
332	372
332	375
332	376
332	377
332	385
332	386
333	134
333	136
333	137
333	138
333	141
333	143
333	145
333	147
333	152
333	167
333	170
333	174
333	178
333	179
333	182
333	197
333	198
333	202
333	203
333	207
333	226
333	228
333	297
333	301
333	303
333	304
333	324
333	325
333	326
333	343
333	345
333	371
333	372
333	373
333	374
333	378
333	382
333	383
333	386
333	391
333	395
334	139
334	140
334	142
334	146
334	147
334	152
334	156
334	161
334	162
334	163
334	164
334	166
334	169
334	171
334	181
334	183
334	196
334	201
334	204
334	206
334	225
334	296
334	303
334	325
334	343
334	345
334	371
334	374
334	378
334	379
334	380
334	381
334	384
334	387
334	389
334	392
334	393
334	394
335	138
335	148
335	150
335	151
335	153
335	156
335	165
335	180
335	200
335	205
335	295
335	302
335	323
335	324
335	346
335	348
335	370
335	372
335	378
335	383
335	387
335	388
335	390
335	391
335	395
335	397
336	134
336	137
336	138
336	147
336	149
336	154
336	155
336	157
336	164
336	166
336	180
336	194
336	197
336	198
336	199
336	200
336	201
336	294
336	295
336	302
336	325
336	346
336	348
336	349
336	353
336	354
336	369
336	371
336	373
336	382
336	383
336	389
336	391
336	396
337	133
337	135
337	136
337	141
337	142
337	145
337	149
337	156
337	157
337	163
337	177
337	178
337	179
337	180
337	195
337	196
337	197
337	202
337	204
337	205
337	294
337	295
337	300
337	302
337	325
337	345
337	347
337	349
337	351
337	352
337	355
337	356
337	369
337	371
337	374
337	375
337	389
337	392
337	397
338	134
338	143
338	144
338	146
338	148
338	158
338	161
338	162
338	164
338	177
338	179
338	180
338	194
338	203
338	289
338	293
338	295
338	296
338	301
338	302
338	303
338	305
338	325
338	346
338	347
338	348
338	350
338	352
338	357
338	369
338	376
338	389
338	392
338	398
339	105
339	132
339	133
339	140
339	146
339	147
339	158
339	159
339	161
339	163
339	178
339	181
339	193
339	202
339	290
339	293
339	294
339	303
339	304
339	306
339	309
339	324
339	346
339	349
339	369
339	375
339	391
339	393
339	399
340	105
340	141
340	143
340	145
340	160
340	164
340	179
340	182
340	202
340	207
340	289
340	291
340	292
340	294
340	301
340	302
340	307
340	308
340	309
340	323
340	325
340	345
340	346
340	350
340	369
340	376
340	392
340	400
340	401
341	103
341	104
341	142
341	144
341	149
341	159
341	161
341	163
341	178
341	202
341	204
341	207
341	287
341	288
341	292
341	295
341	301
341	302
341	303
341	309
341	321
341	323
341	326
341	340
341	341
341	342
341	343
341	344
341	349
341	377
341	399
342	105
342	107
342	150
342	155
342	156
342	158
342	163
342	179
342	199
342	200
342	201
342	203
342	205
342	207
342	289
342	290
342	291
342	295
342	301
342	304
342	322
342	325
342	326
342	327
342	344
342	353
342	354
342	355
342	356
342	400
343	104
343	106
343	117
343	151
343	157
343	164
343	179
343	198
343	199
343	201
343	202
343	203
343	206
343	288
343	291
343	301
343	304
343	321
343	326
343	345
343	347
343	352
343	353
343	355
343	400
344	107
344	118
344	150
344	151
344	152
344	156
344	157
344	178
344	197
344	199
344	203
344	287
344	300
344	320
344	325
344	328
344	330
344	346
344	349
344	350
344	351
344	352
344	356
345	108
345	109
345	119
345	130
345	131
345	142
345	145
345	146
345	149
345	153
345	155
345	196
345	197
345	203
345	204
345	298
345	300
345	318
345	319
345	326
345	327
345	329
345	345
345	346
345	349
345	351
345	353
345	355
345	357
346	109
346	110
346	111
346	112
346	119
346	132
346	143
346	144
346	146
346	147
346	148
346	152
346	154
346	155
346	196
346	202
346	204
346	297
346	299
346	301
346	316
346	317
346	326
346	329
346	346
346	347
346	348
346	349
346	358
346	359
347	107
347	109
347	110
347	119
347	133
347	143
347	146
347	152
347	156
347	157
347	188
347	194
347	195
347	204
347	206
347	299
347	300
347	316
347	317
347	325
347	327
347	344
347	345
347	347
347	349
347	350
347	359
347	361
348	108
348	109
348	111
348	119
348	133
348	142
348	146
348	152
348	157
348	162
348	163
348	188
348	191
348	192
348	193
348	203
348	205
348	299
348	315
348	321
348	325
348	327
348	346
348	349
348	359
348	360
349	110
349	120
349	130
349	132
349	134
349	136
349	152
349	157
349	161
349	187
349	189
349	192
349	194
349	198
349	200
349	201
349	202
349	204
349	299
349	301
349	315
349	322
349	323
349	325
349	328
349	347
349	348
349	350
349	353
349	359
349	360
350	111
350	118
350	119
350	124
350	131
350	135
350	151
350	152
350	157
350	158
350	159
350	160
350	189
350	190
350	191
350	199
350	205
350	207
350	297
350	299
350	300
350	302
350	314
350	315
350	316
350	324
350	327
350	348
350	351
350	352
350	354
350	360
351	107
351	110
351	112
351	116
351	117
351	118
351	123
351	130
351	133
351	135
351	138
351	147
351	150
351	152
351	156
351	161
351	162
351	185
351	190
351	191
351	198
351	206
351	208
351	298
351	314
351	315
351	323
351	328
351	333
351	347
351	350
351	351
351	353
352	106
352	108
352	110
352	112
352	114
352	115
352	119
352	120
352	124
352	129
352	134
352	136
352	139
352	141
352	147
352	148
352	149
352	153
352	156
352	184
352	185
352	187
352	188
352	189
352	192
352	198
352	204
352	205
352	206
352	296
352	297
352	316
352	327
352	329
352	332
352	334
352	346
353	107
353	109
353	113
353	121
353	122
353	123
353	125
353	126
353	127
353	128
353	137
353	138
353	139
353	140
353	142
353	145
353	146
353	152
353	156
353	186
353	189
353	198
353	207
353	295
353	326
353	329
353	330
353	331
353	346
354	110
354	117
354	118
354	119
354	122
354	124
354	125
354	142
354	143
354	144
354	146
354	152
354	157
354	158
354	184
354	185
354	189
354	197
354	206
354	208
354	209
354	210
354	294
354	296
354	331
354	345
354	347
354	348
355	116
355	120
355	121
355	122
355	123
355	126
355	137
355	138
355	139
355	140
355	141
355	144
355	147
355	152
355	156
355	159
355	182
355	183
355	184
355	190
355	196
355	197
355	208
355	218
355	219
355	293
355	296
355	297
355	298
355	329
355	331
355	333
355	343
355	344
355	346
355	348
355	349
356	116
356	120
356	121
356	124
356	135
356	136
356	141
356	144
356	146
356	148
356	153
356	155
356	160
356	181
356	184
356	190
356	195
356	208
356	217
356	292
356	293
356	299
356	330
356	332
356	333
356	343
356	345
356	346
356	350
357	101
357	117
357	118
357	119
357	133
357	134
357	137
357	142
357	143
357	145
357	159
357	160
357	189
357	195
357	208
357	209
357	214
357	216
357	218
357	294
357	300
357	328
357	329
357	332
357	334
357	335
357	341
357	342
357	347
357	348
357	351
357	352
357	353
357	363
358	101
358	117
358	119
358	133
358	142
358	145
358	158
358	160
358	195
358	196
358	208
358	209
358	213
358	214
358	215
358	216
358	293
358	294
358	295
358	301
358	328
358	330
358	334
358	343
358	348
358	352
358	353
358	355
358	356
358	361
358	362
358	363
359	101
359	116
359	132
359	133
359	144
359	145
359	157
359	158
359	161
359	163
359	192
359	193
359	194
359	195
359	206
359	207
359	209
359	211
359	212
359	217
359	293
359	301
359	324
359	325
359	326
359	327
359	333
359	334
359	347
359	349
359	353
359	354
359	357
359	358
359	359
359	360
359	361
360	98
360	100
360	101
360	133
360	134
360	146
360	160
360	162
360	192
360	193
360	196
360	207
360	210
360	213
360	324
360	325
360	332
360	334
360	336
360	348
360	350
360	353
360	354
360	355
360	358
361	99
361	101
361	130
361	132
361	134
361	135
361	136
361	147
361	162
361	163
361	164
361	194
361	197
361	211
361	213
361	214
361	324
361	326
361	335
361	346
361	347
361	359
361	362
362	101
362	102
362	131
362	146
362	147
362	161
362	164
362	198
362	211
362	323
362	326
362	335
362	345
362	348
362	349
362	358
362	360
362	361
362	362
362	363
363	101
363	102
363	104
363	107
363	119
363	129
363	130
363	131
363	144
363	145
363	147
363	160
363	165
363	167
363	197
363	210
363	212
363	322
363	326
363	327
363	334
363	343
363	344
363	347
363	349
363	360
363	362
363	367
364	102
364	103
364	106
364	119
364	125
364	128
364	130
364	143
364	146
364	165
364	166
364	191
364	198
364	199
364	212
364	321
364	325
364	326
364	328
364	334
364	345
364	349
364	358
364	359
364	360
364	363
364	364
364	365
364	366
364	367
365	104
365	106
365	110
365	120
365	125
365	127
365	142
365	147
365	164
365	167
365	187
365	191
365	197
365	198
365	211
365	213
365	219
365	345
365	350
365	361
365	366
366	104
366	105
366	106
366	110
366	120
366	121
366	123
366	124
366	126
366	142
366	146
366	168
366	186
366	188
366	190
366	192
366	193
366	194
366	196
366	198
366	199
366	210
366	214
366	219
366	221
366	223
366	226
366	349
366	351
366	361
366	366
367	100
367	101
367	102
367	103
367	106
367	108
367	109
367	115
367	118
367	119
367	121
367	122
367	127
367	141
367	142
367	147
367	152
367	168
367	170
367	189
367	191
367	194
367	195
367	206
367	207
367	209
367	210
367	218
367	220
367	222
367	223
367	226
367	348
367	350
367	361
367	365
368	104
368	107
368	109
368	110
368	111
368	112
368	115
368	118
368	122
368	126
368	143
368	146
368	148
368	149
368	151
368	169
368	171
368	190
368	194
368	205
368	208
368	211
368	217
368	221
368	224
368	225
368	347
368	350
368	365
369	106
369	111
369	113
369	114
369	115
369	116
369	117
369	123
369	126
369	150
369	195
369	207
369	211
369	212
369	215
369	216
369	222
369	350
369	366
370	110
370	114
370	118
370	125
370	127
370	128
370	131
370	150
370	152
370	193
370	194
370	210
370	213
370	214
370	216
370	223
370	350
370	366
371	113
371	119
371	125
371	129
371	130
371	132
371	151
371	192
371	194
371	211
372	111
372	112
372	124
372	128
372	129
372	130
372	131
372	192
372	193
372	194
372	195
372	210
372	211
373	109
373	110
373	111
373	123
373	128
373	130
373	131
373	132
373	191
373	194
373	196
373	207
373	212
374	108
374	111
374	122
374	127
374	130
374	191
374	194
374	207
374	208
374	210
374	211
374	212
375	106
375	110
375	112
375	130
375	187
375	188
375	190
375	207
375	209
375	212
376	104
376	107
376	110
376	130
376	131
376	186
376	189
376	191
376	207
376	210
376	211
376	213
376	214
377	105
377	106
377	110
377	111
377	130
377	132
377	190
377	192
377	211
377	215
377	216
378	107
378	109
378	111
378	132
378	133
378	134
378	135
378	188
378	189
378	210
378	217
378	218
378	221
379	99
379	103
379	107
379	108
379	111
379	132
379	135
379	136
379	137
379	188
379	189
379	211
379	216
379	218
379	220
380	99
380	100
380	104
380	106
380	109
380	111
380	132
380	137
380	187
380	190
380	210
380	219
380	222
380	223
380	227
381	101
381	105
381	112
381	113
381	130
381	131
381	186
381	203
381	210
381	220
381	221
381	222
381	227
381	240
382	102
382	105
382	111
382	114
382	129
382	131
382	187
382	203
382	205
382	208
382	209
382	220
382	223
382	225
382	226
382	229
382	230
382	239
382	243
383	103
383	104
383	105
383	106
383	111
383	112
383	116
383	129
383	132
383	183
383	186
383	203
383	204
383	206
383	207
383	209
383	220
383	224
383	226
383	229
383	239
383	244
384	90
384	103
384	105
384	112
384	113
384	115
384	117
384	128
384	129
384	131
384	184
384	185
384	186
384	202
384	208
384	210
384	221
384	224
384	227
384	229
384	240
384	241
384	242
384	243
384	244
384	245
385	91
385	93
385	94
385	95
385	97
385	102
385	104
385	109
385	110
385	111
385	114
385	127
385	131
385	132
385	183
385	184
385	199
385	200
385	201
385	207
385	209
385	220
385	224
385	228
385	234
385	240
385	243
386	90
386	92
386	95
386	96
386	98
386	100
386	101
386	105
386	113
386	115
386	126
386	127
386	130
386	133
386	183
386	185
386	186
386	207
386	219
386	228
386	233
386	238
386	239
387	91
387	98
387	100
387	104
387	112
387	113
387	130
387	207
387	218
387	220
387	221
387	228
387	230
387	232
387	240
387	241
388	92
388	97
388	99
388	112
388	113
388	114
388	130
388	206
388	208
388	209
388	217
388	229
388	231
388	236
388	237
388	238
388	239
388	240
389	99
389	115
389	201
389	205
389	217
389	229
389	231
389	232
389	233
389	235
389	238
390	100
390	115
390	116
390	201
390	203
390	204
390	216
390	227
390	228
390	234
390	237
391	99
391	100
391	116
391	202
391	216
391	219
391	227
391	229
391	238
392	96
392	98
392	100
392	101
392	196
392	202
392	217
392	218
392	228
392	230
392	231
392	232
393	97
393	100
393	101
393	102
393	197
393	198
393	202
393	214
393	216
393	218
393	228
393	233
393	243
393	244
394	194
394	196
394	198
394	201
394	202
394	215
394	234
394	244
395	191
395	192
395	194
395	195
395	199
395	200
395	203
395	216
395	234
395	241
395	243
396	193
396	194
396	203
396	204
396	205
396	215
396	216
396	234
396	235
396	240
396	242
396	244
396	245
397	193
397	203
397	204
397	216
397	235
397	238
397	240
398	191
398	192
398	202
398	203
398	204
398	215
398	217
398	235
398	236
398	238
398	239
398	241
399	190
399	193
399	196
399	199
399	201
399	202
399	205
399	214
399	215
399	218
399	236
399	237
399	240
399	242
400	192
400	197
400	198
400	199
400	200
400	213
400	219
400	237
400	239
400	240
401	191
401	197
401	201
401	202
401	213
401	218
401	219
401	235
401	236
402	188
402	189
402	190
402	197
402	198
402	201
402	220
402	221
402	222
402	235
402	236
402	237
402	245
402	246
403	187
403	196
403	200
403	219
403	222
403	223
403	235
403	238
403	243
403	244
404	193
404	194
404	196
404	201
404	217
404	218
404	222
404	223
404	235
404	239
404	242
405	195
405	216
405	221
405	224
405	226
405	234
405	239
405	240
405	241
406	190
406	194
406	215
406	216
406	220
406	221
406	225
406	234
406	241
406	245
407	189
407	190
407	191
407	193
407	194
407	214
407	217
407	220
407	232
407	233
407	240
407	242
407	243
407	245
408	186
408	187
408	188
408	192
408	195
408	196
408	197
408	217
408	233
408	239
408	240
408	244
408	246
408	247
408	248
409	194
409	196
409	216
409	218
409	234
409	238
409	243
409	244
409	249
410	192
410	193
410	194
410	197
410	198
410	199
410	234
410	238
410	244
410	245
411	189
411	190
411	191
411	197
411	199
411	200
411	232
411	233
411	243
411	245
411	246
412	185
412	192
412	233
412	247
413	186
413	188
413	191
413	230
413	232
413	247
413	248
413	249
414	187
414	189
414	190
414	191
414	192
414	227
414	229
414	231
414	247
415	189
415	192
415	228
415	232
415	246
415	248
415	249
416	186
416	193
416	194
416	233
416	235
416	249
417	187
417	192
417	196
417	197
417	233
417	234
418	187
418	188
418	189
418	191
418	193
418	195
418	232
418	235
419	181
419	184
419	186
419	190
419	193
419	194
419	234
420	182
420	183
420	185
420	189
420	194
420	233
420	234
420	235
421	179
421	181
421	186
421	189
421	190
421	194
421	195
421	233
421	236
422	177
422	178
422	180
422	186
422	189
422	194
422	236
423	174
423	176
423	180
423	194
424	175
424	195
424	196
425	195
425	197
426	192
426	194
426	196
426	198
427	193
427	196
427	199
428	192
428	193
428	200
429	192
429	201
430	193
430	200
430	202
430	203
431	198
431	199
431	200
