46	117
46	146
47	116
47	146
47	147
48	112
48	114
48	115
48	147
49	113
49	116
49	117
49	147
49	149
50	117
50	146
50	148
51	107
51	109
51	117
51	118
51	119
51	139
51	146
52	96
52	100
52	108
52	110
52	118
52	140
52	141
52	142
52	146
53	96
53	97
53	99
53	101
53	110
53	119
53	138
53	140
53	143
53	145
54	98
54	110
54	120
54	138
54	139
54	140
54	144
54	146
55	97
55	111
55	121
55	138
55	141
55	143
55	145
56	98
56	110
56	119
56	121
56	141
56	143
56	160
56	209
57	98
57	99
57	105
57	110
57	111
57	119
57	120
57	142
57	159
57	205
57	209
57	210
58	99
58	103
58	105
58	111
58	119
58	120
58	121
58	123
58	139
58	142
58	143
58	144
58	160
58	205
58	208
59	100
59	102
59	104
59	111
59	120
59	122
59	140
59	141
59	161
59	163
59	205
59	207
60	101
60	105
60	109
60	110
60	111
60	119
60	130
60	142
60	149
60	159
60	161
60	162
60	205
60	207
61	100
61	104
61	106
61	107
61	108
61	112
61	119
61	124
61	130
61	139
61	140
61	142
61	150
61	151
61	158
61	160
61	163
61	204
61	206
62	99
62	103
62	113
62	118
62	120
62	124
62	129
62	140
62	141
62	152
62	153
62	158
62	159
62	160
62	205
63	98
63	112
63	114
63	117
63	125
63	128
63	139
63	140
63	154
63	159
63	206
64	112
64	115
64	117
64	125
64	127
64	139
64	140
64	150
64	154
64	158
64	206
64	207
64	210
65	105
65	109
65	112
65	116
65	117
65	118
65	120
65	126
65	141
65	142
65	150
65	155
65	158
65	204
65	205
65	207
65	208
65	209
66	103
66	104
66	106
66	107
66	108
66	110
66	111
66	119
66	120
66	127
66	143
66	150
66	154
66	158
66	200
66	203
66	207
67	109
67	119
67	121
67	122
67	123
67	125
67	126
67	128
67	135
67	142
67	150
67	151
67	154
67	158
67	201
67	204
67	205
67	207
67	212
68	124
68	128
68	129
68	134
68	135
68	143
68	151
68	154
68	158
68	201
68	206
68	211
68	213
68	214
68	215
69	121
69	123
69	124
69	130
69	136
69	137
69	144
69	145
69	151
69	153
69	157
69	159
69	198
69	200
69	201
69	206
69	210
70	121
70	122
70	130
70	131
70	136
70	145
70	150
70	152
70	155
70	156
70	199
70	202
70	203
70	207
70	210
71	121
71	123
71	132
71	137
71	142
71	143
71	144
71	150
71	151
71	153
71	154
71	155
71	161
71	163
71	199
71	204
71	208
71	210
72	129
72	132
72	136
72	142
72	150
72	162
72	166
72	205
72	207
72	209
72	212
73	130
73	131
73	133
73	134
73	137
73	143
73	150
73	162
73	164
73	165
73	204
73	206
73	207
73	210
73	211
74	134
74	135
74	136
74	144
74	150
74	151
74	160
74	161
74	163
74	204
75	134
75	137
75	144
75	149
75	152
75	160
75	205
76	138
76	140
76	143
76	147
76	148
76	159
76	160
76	204
77	138
77	141
77	143
77	147
77	158
77	205
77	206
78	126
78	128
78	138
78	141
78	142
78	144
78	145
78	146
78	159
78	206
79	125
79	126
79	127
79	129
79	138
79	139
79	146
79	147
79	158
79	161
79	162
79	205
79	207
79	208
79	232
80	130
80	131
80	132
80	139
80	145
80	159
80	160
80	162
80	194
80	195
80	203
80	204
80	205
80	206
80	226
80	231
80	233
81	132
81	133
81	134
81	139
81	145
81	157
81	158
81	161
81	164
81	167
81	194
81	196
81	205
81	226
81	227
81	228
81	231
81	232
82	133
82	135
82	138
82	140
82	141
82	143
82	146
82	147
82	158
82	163
82	166
82	196
82	205
82	224
82	225
82	226
82	230
83	134
83	135
83	136
83	137
83	140
83	142
83	148
83	158
83	162
83	164
83	166
83	196
83	204
83	225
83	230
83	232
83	233
83	234
83	235
84	136
84	139
84	143
84	148
84	149
84	158
84	160
84	162
84	165
84	167
84	196
84	198
84	204
84	226
84	227
84	229
84	231
85	136
85	143
85	149
85	159
85	161
85	163
85	168
85	195
85	197
85	205
85	224
85	225
85	227
85	228
85	229
86	73
86	74
86	135
86	142
86	144
86	148
86	155
86	159
86	160
86	194
86	195
86	197
86	206
86	223
87	69
87	75
87	139
87	141
87	143
87	148
87	152
87	155
87	157
87	158
87	194
87	196
87	197
87	199
87	206
87	208
87	222
88	68
88	69
88	75
88	140
88	144
88	149
88	153
88	155
88	156
88	195
88	198
88	204
88	207
88	209
88	221
89	68
89	75
89	145
89	147
89	149
89	154
89	155
89	196
89	197
89	205
89	206
89	221
89	224
90	69
90	70
90	74
90	144
90	145
90	146
90	148
90	152
90	153
90	198
90	199
90	206
90	220
90	223
91	67
91	68
91	71
91	72
91	73
91	145
91	148
91	152
91	198
91	207
91	208
91	221
91	222
92	73
92	144
92	148
92	149
92	151
92	197
92	199
92	205
92	206
92	207
92	208
92	209
92	222
92	223
92	227
92	229
93	60
93	73
93	75
93	143
93	147
93	149
93	151
93	199
93	206
93	209
93	216
93	221
93	226
93	227
93	228
93	230
94	60
94	74
94	76
94	150
94	196
94	197
94	198
94	203
94	205
94	217
94	218
94	219
94	220
94	226
95	50
95	61
95	65
95	75
95	151
95	153
95	160
95	161
95	162
95	193
95	194
95	198
95	200
95	204
95	211
95	217
95	225
95	226
96	51
96	60
96	62
96	64
96	72
96	74
96	150
96	152
96	154
96	157
96	159
96	160
96	194
96	199
96	200
96	201
96	202
96	203
96	211
96	216
96	224
96	227
97	51
97	61
97	63
97	72
97	73
97	74
97	75
97	153
97	158
97	182
97	194
97	204
97	211
97	217
97	218
97	223
98	50
98	52
98	53
98	63
98	73
98	76
98	154
98	155
98	157
98	159
98	183
98	190
98	191
98	192
98	193
98	202
98	203
98	212
98	218
98	219
98	222
98	225
98	226
99	53
99	63
99	72
99	77
99	156
99	183
99	184
99	185
99	192
99	203
99	207
99	208
99	212
99	216
99	217
99	219
99	222
99	223
99	224
99	226
100	52
100	54
100	55
100	59
100	64
100	73
100	155
100	178
100	183
100	191
100	192
100	203
100	207
100	212
100	215
100	220
100	221
100	224
100	226
100	227
100	228
101	51
101	53
101	56
101	57
101	58
101	59
101	64
101	73
101	74
101	145
101	146
101	155
101	156
101	179
101	184
101	191
101	193
101	195
101	204
101	207
101	208
101	210
101	211
101	213
101	214
101	219
101	222
101	227
102	50
102	56
102	59
102	64
102	69
102	72
102	143
102	144
102	147
102	151
102	154
102	180
102	181
102	182
102	183
102	194
102	203
102	205
102	206
102	209
102	214
102	222
102	228
103	49
103	50
103	54
103	55
103	60
103	65
103	68
103	72
103	147
103	149
103	150
103	154
103	181
103	184
103	195
103	204
103	205
103	221
103	228
104	58
104	59
104	60
104	61
104	62
104	65
104	67
104	70
104	72
104	73
104	147
104	148
104	149
104	150
104	152
104	153
104	185
104	186
104	195
104	204
105	63
105	66
105	68
105	69
105	71
105	144
105	146
105	148
105	151
105	153
105	183
105	184
105	186
105	188
105	190
105	196
105	203
106	64
106	65
106	71
106	126
106	141
106	143
106	144
106	146
106	147
106	148
106	154
106	155
106	187
106	189
106	197
106	202
106	206
107	64
107	69
107	70
107	72
107	127
107	142
107	145
107	150
107	154
107	186
107	190
107	198
107	200
107	202
107	206
107	209
108	72
108	73
108	76
108	127
108	151
108	153
108	188
108	191
108	194
108	198
108	201
108	205
108	206
108	208
109	74
109	75
109	77
109	126
109	128
109	152
109	189
109	190
109	192
109	193
109	199
109	202
109	203
109	204
109	207
109	209
109	210
110	74
110	77
110	78
110	127
110	134
110	136
110	151
110	189
110	194
110	195
110	199
110	200
110	201
111	73
111	77
111	127
111	134
111	135
111	137
111	142
111	152
111	157
111	194
111	195
111	198
112	73
112	78
112	126
112	136
112	142
112	153
112	154
112	156
112	196
112	198
112	201
112	202
113	68
113	72
113	74
113	78
113	80
113	126
113	131
113	134
113	135
113	143
113	150
113	152
113	155
113	197
113	200
113	202
113	203
113	206
114	69
114	70
114	71
114	75
114	79
114	120
114	125
114	126
114	131
114	133
114	136
114	144
114	150
114	151
114	152
114	153
114	156
114	197
114	199
114	203
114	204
114	205
115	74
115	76
115	78
115	80
115	120
115	121
115	122
115	123
115	125
115	127
115	131
115	135
115	137
115	145
115	148
115	151
115	195
115	196
115	198
115	203
116	72
116	73
116	75
116	77
116	80
116	98
116	99
116	100
116	101
116	124
116	128
116	129
116	130
116	132
116	133
116	134
116	138
116	139
116	146
116	147
116	148
116	150
116	151
116	199
117	78
117	100
117	127
117	128
117	133
117	137
117	140
117	141
117	149
117	151
117	199
117	200
118	45
118	59
118	62
118	78
118	96
118	97
118	100
118	129
118	133
118	136
118	141
118	149
118	198
118	199
118	206
119	44
119	45
119	60
119	63
119	75
119	76
119	77
119	97
119	99
119	142
119	143
119	149
119	200
119	201
119	205
119	207
120	46
120	50
120	51
120	61
120	62
120	67
120	71
120	76
120	85
120	98
120	141
120	144
120	148
120	150
120	151
120	201
120	205
120	207
121	46
121	47
121	48
121	49
121	51
121	53
121	56
121	63
121	64
121	65
121	68
121	69
121	72
121	77
121	80
121	85
121	90
121	98
121	100
121	140
121	145
121	146
121	147
121	148
121	149
121	200
121	204
121	206
122	45
122	50
122	51
122	54
122	57
122	62
122	65
122	70
122	71
122	73
122	77
122	80
122	86
122	91
122	92
122	99
122	146
122	147
122	150
122	200
122	201
122	202
122	203
123	52
123	53
123	55
123	56
123	58
123	66
123	72
123	76
123	78
123	79
123	86
123	90
123	99
123	149
123	150
123	153
123	199
123	200
123	202
124	54
124	56
124	59
124	67
124	68
124	69
124	72
124	74
124	75
124	80
124	83
124	84
124	85
124	87
124	88
124	89
124	93
124	100
124	148
124	151
124	152
124	153
124	200
124	202
124	205
124	206
124	213
125	50
125	54
125	60
125	66
125	70
125	72
125	76
125	81
125	82
125	85
125	89
125	93
125	100
125	141
125	147
125	151
125	154
125	192
125	195
125	196
125	200
125	201
125	205
125	206
125	211
125	212
125	213
125	216
125	217
126	47
126	49
126	50
126	52
126	53
126	54
126	60
126	61
126	64
126	66
126	70
126	71
126	72
126	75
126	80
126	82
126	83
126	86
126	88
126	90
126	94
126	101
126	142
126	145
126	146
126	151
126	168
126	193
126	197
126	198
126	201
126	204
126	211
126	214
126	216
126	217
126	218
127	48
127	50
127	51
127	53
127	60
127	62
127	63
127	65
127	73
127	74
127	82
127	87
127	88
127	91
127	93
127	95
127	99
127	101
127	137
127	138
127	139
127	141
127	142
127	143
127	144
127	149
127	150
127	151
127	152
127	153
127	168
127	169
127	194
127	196
127	201
127	202
127	203
127	204
127	205
127	209
127	210
127	212
127	214
127	215
128	43
128	44
128	48
128	49
128	53
128	72
128	92
128	96
128	100
128	140
128	143
128	148
128	152
128	170
128	195
128	197
128	199
128	200
128	206
128	208
128	210
128	213
129	43
129	44
129	48
129	50
129	73
129	96
129	99
129	147
129	153
129	171
129	172
129	180
129	194
129	198
129	207
129	208
130	37
130	39
130	44
130	47
130	51
130	73
130	96
130	98
130	147
130	151
130	153
130	154
130	172
130	173
130	179
130	193
130	196
130	198
130	209
130	211
130	212
130	355
130	356
130	357
131	38
131	39
131	41
131	44
131	45
131	47
131	67
131	68
131	74
131	76
131	92
131	95
131	97
131	152
131	153
131	159
131	160
131	173
131	174
131	179
131	197
131	209
131	210
131	212
131	356
131	357
132	39
132	40
132	42
132	43
132	46
132	47
132	66
132	69
132	73
132	75
132	91
132	92
132	94
132	96
132	98
132	153
132	158
132	174
132	178
132	180
132	197
132	211
132	354
132	355
132	356
133	42
133	46
133	64
133	65
133	66
133	70
133	71
133	72
133	73
133	93
133	98
133	99
133	102
133	109
133	150
133	152
133	159
133	172
133	174
133	177
133	197
133	201
133	202
133	203
133	204
133	210
133	212
133	356
134	54
134	56
134	57
134	58
134	63
134	70
134	92
134	94
134	100
134	101
134	108
134	151
134	153
134	157
134	158
134	159
134	171
134	173
134	176
134	195
134	197
134	200
134	204
134	210
134	215
134	216
134	357
135	53
135	55
135	59
135	60
135	62
135	69
135	91
135	93
135	95
135	99
135	100
135	101
135	104
135	106
135	109
135	134
135	152
135	154
135	156
135	172
135	174
135	175
135	196
135	199
135	204
135	210
135	213
135	214
135	357
136	54
136	58
136	61
136	68
136	100
136	102
136	103
136	106
136	108
136	135
136	137
136	154
136	156
136	157
136	164
136	165
136	175
136	176
136	196
136	198
136	211
136	212
136	214
136	358
137	53
137	58
137	67
137	69
137	100
137	104
137	106
137	107
137	135
137	138
137	155
137	159
137	166
137	174
137	175
137	178
137	197
137	210
137	212
137	215
137	216
137	312
137	357
138	66
138	67
138	105
138	106
138	108
138	110
138	134
138	136
138	138
138	146
138	150
138	151
138	152
138	153
138	155
138	158
138	167
138	175
138	178
138	179
138	180
138	196
138	198
138	211
138	217
138	313
138	356
138	358
139	62
139	63
139	66
139	68
139	106
139	107
139	109
139	110
139	111
139	112
139	133
139	137
139	139
139	146
139	147
139	148
139	149
139	154
139	156
139	157
139	158
139	159
139	161
139	164
139	167
139	174
139	176
139	177
139	191
139	196
139	199
139	200
139	308
139	311
139	312
139	353
139	356
139	358
139	359
140	61
140	64
140	65
140	104
140	105
140	109
140	111
140	112
140	115
140	135
140	138
140	158
140	159
140	160
140	161
140	164
140	167
140	175
140	191
140	195
140	199
140	308
140	311
140	352
140	354
140	355
140	357
141	61
141	66
141	99
141	101
141	103
141	105
141	108
141	113
141	114
141	116
141	121
141	136
141	137
141	138
141	151
141	152
141	155
141	157
141	159
141	160
141	164
141	165
141	167
141	174
141	191
141	192
141	195
141	197
141	198
141	308
141	310
141	355
141	357
142	61
142	66
142	67
142	100
142	102
142	105
142	114
142	116
142	118
142	120
142	128
142	135
142	138
142	150
142	153
142	156
142	158
142	160
142	163
142	164
142	166
142	174
142	193
142	196
142	197
142	306
142	307
142	309
142	349
142	353
142	354
142	356
142	361
143	66
143	101
143	104
143	115
143	116
143	119
143	129
143	130
143	137
143	139
143	149
143	152
143	156
143	158
143	160
143	161
143	162
143	166
143	167
143	174
143	194
143	195
143	300
143	301
143	307
143	350
143	352
143	357
143	358
143	359
143	360
143	361
144	104
144	117
144	118
144	119
144	128
144	129
144	136
144	139
144	143
144	153
144	154
144	155
144	158
144	168
144	170
144	175
144	193
144	196
144	197
144	301
144	304
144	306
144	349
144	350
144	352
144	361
145	97
145	98
145	99
145	102
145	103
145	104
145	118
145	130
145	134
145	135
145	140
145	141
145	142
145	145
145	148
145	150
145	152
145	154
145	167
145	168
145	169
145	171
145	175
145	177
145	194
145	195
145	302
145	305
145	306
145	307
145	351
145	369
146	100
146	101
146	118
146	129
146	130
146	131
146	132
146	133
146	139
146	140
146	141
146	142
146	146
146	147
146	149
146	151
146	154
146	167
146	170
146	172
146	176
146	193
146	300
146	301
146	305
146	343
146	344
146	351
146	368
146	369
147	100
147	117
147	119
147	120
147	121
147	124
147	127
147	128
147	131
147	134
147	137
147	138
147	143
147	144
147	145
147	151
147	167
147	173
147	177
147	193
147	194
147	302
147	303
147	306
147	345
147	352
147	353
147	365
147	368
148	100
148	113
148	114
148	115
148	116
148	119
148	121
148	122
148	124
148	125
148	126
148	131
148	133
148	137
148	142
148	143
148	145
148	146
148	151
148	152
148	173
148	174
148	175
148	176
148	178
148	191
148	192
148	303
148	306
148	316
148	346
148	352
148	365
148	367
149	96
149	97
149	98
149	99
149	115
149	116
149	119
149	123
149	124
149	127
149	128
149	137
149	145
149	150
149	153
149	177
149	191
149	192
149	303
149	305
149	312
149	313
149	314
149	315
149	346
149	347
149	351
149	352
149	366
150	92
150	96
150	97
150	100
150	117
150	118
150	122
150	127
150	128
150	144
150	177
150	178
150	190
150	304
150	306
150	311
150	314
150	342
150	343
150	346
150	349
150	350
150	366
151	93
151	94
151	95
151	114
151	116
151	121
151	143
151	145
151	179
151	189
151	191
151	302
151	303
151	306
151	310
151	314
151	315
151	344
151	345
151	346
151	348
151	350
151	351
151	365
151	367
152	93
152	94
152	96
152	113
152	115
152	121
152	141
152	142
152	180
152	182
152	185
152	186
152	188
152	301
152	303
152	306
152	309
152	344
152	346
152	347
152	352
152	364
153	95
153	106
153	112
153	113
153	116
153	120
153	142
153	181
153	185
153	187
153	302
153	306
153	309
153	310
153	347
153	349
153	353
153	361
153	362
153	363
154	106
154	107
154	112
154	117
154	120
154	122
154	141
154	180
154	182
154	185
154	300
154	301
154	307
154	308
154	348
154	359
154	360
154	361
154	364
154	365
154	366
154	367
154	372
154	377
154	378
155	105
155	108
155	109
155	111
155	118
155	121
155	122
155	182
155	183
155	184
155	185
155	186
155	306
155	307
155	308
155	348
155	351
155	353
155	359
155	362
155	368
155	372
155	373
155	377
156	107
156	110
156	111
156	118
156	120
156	183
156	308
156	349
156	350
156	351
156	352
156	355
156	359
156	363
156	369
156	371
156	374
156	376
156	377
157	108
157	109
157	173
157	181
157	183
157	308
157	310
157	348
157	349
157	353
157	356
157	357
157	358
157	368
157	370
157	371
157	375
158	107
158	109
158	173
158	181
158	182
158	309
158	337
158	346
158	347
158	353
158	354
158	355
158	356
158	359
158	371
158	376
159	103
159	104
159	105
159	106
159	108
159	167
159	173
159	182
159	308
159	313
159	336
159	337
159	346
159	353
159	354
159	360
160	98
160	99
160	102
160	103
160	106
160	107
160	161
160	167
160	168
160	169
160	171
160	172
160	174
160	181
160	183
160	308
160	314
160	336
160	347
160	352
160	353
160	354
160	360
161	100
161	101
161	103
161	108
161	109
161	160
161	170
161	171
161	175
161	180
161	181
161	309
161	311
161	313
161	316
161	317
161	336
161	344
161	346
161	347
161	348
161	355
162	100
162	107
162	108
162	160
162	176
162	178
162	180
162	305
162	310
162	314
162	315
162	336
162	344
162	345
162	347
162	355
163	106
163	109
163	159
163	161
163	162
163	176
163	177
163	180
163	305
163	311
163	314
163	322
163	332
163	333
163	334
163	335
163	337
163	344
163	345
163	355
164	103
164	104
164	105
164	162
164	164
164	175
164	178
164	180
164	304
164	306
164	310
164	313
164	322
164	337
164	338
164	343
164	346
164	348
164	355
165	102
165	155
165	161
165	162
165	163
165	178
165	179
165	181
165	185
165	186
165	303
165	306
165	307
165	311
165	312
165	323
165	324
165	335
165	339
165	342
165	343
165	347
165	356
166	153
166	154
166	156
166	158
166	160
166	163
166	166
166	180
166	181
166	182
166	183
166	184
166	303
166	307
166	308
166	310
166	324
166	325
166	336
166	340
166	342
166	347
167	157
167	159
167	161
167	162
167	164
167	167
167	182
167	309
167	323
167	334
167	335
167	341
167	342
167	346
167	347
168	154
168	156
168	158
168	165
168	166
168	182
168	309
168	313
168	323
168	326
168	336
168	339
168	340
168	343
168	344
168	345
168	348
169	153
169	155
169	158
169	165
169	180
169	182
169	310
169	312
169	315
169	322
169	324
169	325
169	335
169	337
169	338
169	344
170	152
170	155
170	158
170	166
170	170
170	179
170	181
170	183
170	311
170	314
170	321
170	323
170	332
170	334
170	338
171	157
171	162
171	167
171	169
171	180
171	223
171	312
171	313
171	314
171	322
171	323
171	332
171	333
171	335
172	156
172	163
172	165
172	167
172	168
172	170
172	171
172	180
172	181
172	222
172	305
172	312
172	320
172	322
172	323
172	324
172	332
173	155
173	157
173	164
173	165
173	166
173	171
173	172
173	179
173	185
173	222
173	273
173	300
173	301
173	305
173	311
173	321
173	330
173	332
174	157
174	163
174	165
174	173
174	180
174	181
174	182
174	184
174	185
174	214
174	219
174	222
174	273
174	301
174	304
174	305
174	306
174	311
174	312
174	322
174	331
174	332
174	333
174	334
175	157
175	174
175	178
175	180
175	181
175	183
175	214
175	220
175	221
175	222
175	274
175	302
175	303
175	307
175	313
175	321
175	322
175	331
175	332
175	335
175	336
176	157
176	175
176	178
176	180
176	181
176	215
176	219
176	220
176	223
176	272
176	273
176	306
176	308
176	312
176	320
176	326
176	330
176	331
176	333
177	162
177	163
177	169
177	174
177	176
177	177
177	179
177	180
177	181
177	182
177	183
177	184
177	216
177	218
177	273
177	309
177	310
177	311
177	321
177	323
177	324
177	325
177	328
177	329
177	330
178	164
178	165
178	166
178	167
178	169
178	170
178	171
178	173
178	176
178	180
178	181
178	185
178	215
178	217
178	220
178	222
178	223
178	274
178	311
178	322
178	326
178	327
178	330
178	378
179	166
179	168
179	170
179	172
179	180
179	213
179	214
179	215
179	216
179	217
179	219
179	221
179	223
179	225
179	273
179	283
179	311
179	319
179	322
179	328
179	331
179	377
179	379
179	380
179	381
179	390
180	169
180	180
180	181
180	216
180	219
180	220
180	222
180	224
180	272
180	284
180	308
180	310
180	319
180	322
180	332
180	333
180	380
180	381
180	391
181	142
181	144
181	169
181	177
181	178
181	179
181	181
181	183
181	216
181	218
181	219
181	273
181	274
181	284
181	289
181	309
181	311
181	320
181	321
181	323
181	324
181	325
181	379
181	381
181	390
182	143
182	146
182	166
182	167
182	168
182	176
182	178
182	182
182	212
182	217
182	220
182	273
182	283
182	290
182	311
182	318
182	320
182	380
182	388
182	389
183	142
183	143
183	146
183	150
183	165
183	168
183	169
183	182
183	183
183	213
183	217
183	218
183	270
183	274
183	275
183	283
183	288
183	289
183	312
183	317
183	321
183	362
183	379
183	388
184	142
184	144
184	145
184	148
184	150
184	151
184	181
184	183
184	214
184	217
184	219
184	270
184	271
184	273
184	274
184	282
184	289
184	291
184	305
184	306
184	308
184	309
184	310
184	311
184	313
184	317
184	320
184	362
184	378
184	387
185	146
185	148
185	149
185	152
185	153
185	155
185	156
185	173
185	174
185	175
185	180
185	183
185	187
185	214
185	217
185	272
185	274
185	275
185	280
185	282
185	289
185	291
185	307
185	308
185	317
185	319
185	321
185	322
185	341
185	343
185	344
185	345
185	359
185	361
185	363
185	377
185	379
185	386
185	387
186	147
186	154
186	156
186	175
186	176
186	184
186	185
186	186
186	214
186	216
186	220
186	275
186	276
186	280
186	281
186	285
186	289
186	290
186	292
186	309
186	310
186	311
186	316
186	317
186	318
186	322
186	340
186	342
186	353
186	354
186	360
186	379
186	380
186	381
186	385
187	147
187	157
187	176
187	184
187	215
187	216
187	220
187	275
187	282
187	285
187	290
187	291
187	292
187	300
187	311
187	315
187	340
187	341
187	350
187	353
187	354
187	357
187	358
187	359
187	377
187	379
187	381
187	382
187	384
187	385
188	158
188	174
188	176
188	183
188	217
188	218
188	219
188	274
188	283
188	286
188	291
188	301
188	310
188	313
188	315
188	330
188	337
188	339
188	340
188	341
188	343
188	351
188	353
188	357
188	360
188	375
188	378
188	383
189	159
189	160
189	169
189	175
189	176
189	184
189	186
189	216
189	272
189	273
189	274
189	284
189	285
189	289
189	290
189	301
189	308
189	309
189	311
189	314
189	323
189	328
189	330
189	336
189	337
189	338
189	340
189	342
189	350
189	352
189	355
189	356
189	357
189	376
189	377
189	378
189	384
189	385
189	387
190	149
190	151
190	154
190	155
190	156
190	157
190	158
190	159
190	164
190	167
190	170
190	174
190	175
190	177
190	178
190	185
190	214
190	216
190	217
190	274
190	275
190	286
190	289
190	301
190	302
190	312
190	314
190	317
190	322
190	329
190	330
190	339
190	348
190	350
190	351
190	354
190	357
190	369
190	372
190	373
190	374
190	376
190	379
190	383
190	386
191	150
191	152
191	155
191	158
191	159
191	160
191	164
191	167
191	169
191	171
191	172
191	173
191	177
191	178
191	180
191	185
191	215
191	274
191	275
191	287
191	290
191	302
191	313
191	318
191	322
191	323
191	326
191	328
191	330
191	331
191	337
191	338
191	341
191	349
191	352
191	353
191	354
191	369
191	372
191	375
191	387
191	389
191	391
191	392
191	393
191	394
192	149
192	153
192	154
192	155
192	161
192	162
192	163
192	165
192	166
192	168
192	170
192	171
192	174
192	179
192	181
192	183
192	186
192	187
192	212
192	216
192	275
192	288
192	289
192	298
192	299
192	302
192	303
192	312
192	317
192	321
192	322
192	325
192	328
192	332
192	336
192	339
192	341
192	342
192	347
192	349
192	364
192	368
192	370
192	371
192	374
192	376
192	388
192	390
192	393
193	151
193	152
193	156
193	158
193	159
193	160
193	163
193	166
193	170
193	178
193	182
193	184
193	187
193	188
193	213
193	215
193	216
193	226
193	274
193	276
193	289
193	300
193	302
193	303
193	304
193	313
193	318
193	320
193	325
193	327
193	334
193	335
193	340
193	348
193	350
193	364
193	369
193	370
193	388
193	391
194	150
194	152
194	159
194	160
194	170
194	177
194	178
194	182
194	185
194	186
194	188
194	194
194	196
194	213
194	215
194	225
194	275
194	276
194	279
194	285
194	290
194	296
194	301
194	311
194	312
194	318
194	320
194	321
194	322
194	323
194	324
194	326
194	335
194	347
194	348
194	349
194	350
194	352
194	365
194	367
194	368
194	371
194	390
195	148
195	150
195	158
195	161
195	170
195	171
195	178
195	185
195	187
195	195
195	197
195	213
195	214
195	215
195	217
195	220
195	221
195	223
195	225
195	269
195	276
195	278
195	279
195	286
195	289
195	290
195	291
195	297
195	301
195	312
195	314
195	317
195	319
195	323
195	327
195	328
195	330
195	334
195	344
195	345
195	346
195	349
195	350
195	352
195	366
195	369
195	374
195	391
196	149
196	150
196	158
196	160
196	168
196	169
196	178
196	184
196	187
196	194
196	215
196	216
196	219
196	222
196	224
196	269
196	277
196	280
196	287
196	288
196	289
196	297
196	300
196	303
196	311
196	313
196	315
196	316
196	328
196	329
196	331
196	333
196	334
196	344
196	346
196	351
196	356
196	357
196	361
196	365
196	366
196	370
196	373
196	374
196	377
196	390
197	157
197	160
197	166
197	167
197	169
197	170
197	177
197	188
197	195
197	200
197	216
197	218
197	270
197	281
197	282
197	288
197	289
197	297
197	298
197	300
197	302
197	309
197	310
197	314
197	317
197	318
197	328
197	332
197	333
197	334
197	338
197	339
197	340
197	344
197	345
197	347
197	352
197	354
197	355
197	358
197	361
197	364
197	369
197	370
197	372
197	375
197	376
198	156
198	165
198	189
198	196
198	201
198	217
198	270
198	282
198	283
198	284
198	287
198	299
198	301
198	306
198	307
198	308
198	316
198	319
198	320
198	333
198	337
198	342
198	343
198	353
198	359
198	361
198	362
198	364
198	371
198	376
198	377
199	156
199	164
199	189
199	190
199	196
199	200
199	201
199	214
199	216
199	271
199	282
199	283
199	286
199	300
199	302
199	304
199	305
199	307
199	321
199	331
199	332
199	336
199	342
199	353
199	360
199	363
199	365
199	371
199	375
199	378
200	163
200	165
200	190
200	191
200	196
200	200
200	215
200	249
200	271
200	283
200	286
200	301
200	303
200	304
200	307
200	308
200	310
200	311
200	313
200	322
200	333
200	334
200	335
200	341
200	343
200	354
200	355
200	362
200	363
200	371
200	379
201	190
201	192
201	193
201	197
201	200
201	215
201	250
201	270
201	272
201	283
201	285
201	296
201	300
201	301
201	302
201	309
201	312
201	336
201	340
201	343
201	344
201	345
201	346
201	356
201	364
201	365
201	366
201	369
201	372
201	380
202	189
202	194
202	195
202	196
202	200
202	204
202	216
202	219
202	220
202	221
202	239
202	240
202	249
202	251
202	252
202	272
202	277
202	281
202	282
202	284
202	297
202	300
202	337
202	338
202	339
202	355
202	356
202	363
202	366
202	367
202	368
202	373
202	380
203	195
203	197
203	198
203	200
203	201
203	202
203	203
203	217
203	218
203	222
203	239
203	251
203	272
203	277
203	284
203	298
203	299
203	301
203	337
203	340
203	355
203	368
203	374
203	379
203	381
204	199
204	203
204	216
204	239
204	252
204	253
204	272
204	277
204	283
204	284
204	297
204	341
204	342
204	355
204	369
205	203
205	204
205	208
205	213
205	215
205	216
205	240
205	241
205	250
205	251
205	252
205	253
205	272
205	278
205	285
205	297
205	299
205	342
206	204
206	207
206	214
206	236
206	240
206	252
206	257
206	273
206	274
206	275
206	277
206	286
206	298
206	301
206	343
207	174
207	201
207	204
207	207
207	215
207	236
207	239
207	241
207	242
207	243
207	253
207	256
207	272
207	276
207	286
207	287
207	296
207	298
207	300
207	343
207	350
208	170
208	175
208	202
208	203
208	205
208	206
208	215
208	216
208	234
208	236
208	240
208	244
208	253
208	254
208	255
208	260
208	271
208	277
208	287
208	288
208	296
208	297
208	299
208	344
208	345
208	346
208	347
208	349
209	100
209	119
209	171
209	175
209	202
209	206
209	209
209	212
209	213
209	214
209	223
209	226
209	235
209	236
209	240
209	254
209	255
209	260
209	276
209	278
209	288
209	289
209	293
209	296
209	297
209	345
209	347
209	348
210	96
210	97
210	98
210	99
210	100
210	120
210	123
210	172
210	175
210	186
210	188
210	207
210	209
210	212
210	213
210	223
210	225
210	226
210	236
210	240
210	255
210	261
210	277
210	280
210	289
210	294
210	295
211	98
211	121
211	124
211	171
211	173
211	174
211	175
211	181
211	186
211	187
211	194
211	206
211	207
211	210
211	211
211	217
211	224
211	225
211	236
211	239
211	254
211	255
211	261
211	262
211	278
211	279
211	280
211	281
211	289
211	290
211	292
211	294
211	295
211	353
212	99
212	122
212	123
212	170
212	173
212	174
212	182
212	188
212	193
212	195
212	208
212	211
212	216
212	224
212	225
212	236
212	237
212	238
212	256
212	257
212	258
212	259
212	261
212	278
212	280
212	287
212	289
212	290
212	291
212	293
212	306
212	307
212	353
213	98
213	100
213	123
213	174
213	175
213	182
213	183
213	184
213	188
213	191
213	192
213	196
213	209
213	210
213	215
213	223
213	224
213	236
213	260
213	261
213	265
213	277
213	285
213	288
213	290
213	291
213	307
213	309
213	353
213	354
214	101
214	106
214	107
214	122
214	138
214	175
214	180
214	182
214	185
214	186
214	187
214	189
214	190
214	195
214	197
214	211
214	212
214	214
214	223
214	236
214	240
214	261
214	263
214	266
214	278
214	285
214	286
214	287
214	307
214	308
214	309
214	352
214	354
214	357
215	101
215	102
215	106
215	122
215	138
215	175
215	180
215	181
215	197
215	213
215	221
215	222
215	223
215	224
215	237
215	238
215	239
215	260
215	261
215	264
215	265
215	277
215	285
215	286
215	287
215	306
215	308
215	309
215	310
215	351
215	357
216	99
216	100
216	103
216	105
216	123
216	134
216	137
216	175
216	176
216	177
216	178
216	180
216	198
216	213
216	222
216	225
216	226
216	237
216	238
216	260
216	261
216	264
216	277
216	285
216	305
216	350
216	352
216	353
216	356
216	357
217	91
217	104
217	123
217	134
217	136
217	140
217	176
217	179
217	199
217	206
217	212
217	221
217	231
217	232
217	237
217	261
217	262
217	263
217	277
217	278
217	281
217	284
217	304
217	306
217	307
217	332
217	333
217	347
217	348
217	349
217	353
217	354
217	355
218	91
218	105
218	123
218	135
218	136
218	137
218	140
218	144
218	151
218	175
218	176
218	179
218	200
218	206
218	211
218	222
218	227
218	231
218	234
218	236
218	237
218	264
218	278
218	280
218	285
218	300
218	301
218	304
218	305
218	306
218	331
218	345
218	346
218	350
218	351
218	356
218	357
219	91
219	106
219	123
219	128
219	138
219	139
219	145
219	150
219	154
219	174
219	190
219	193
219	200
219	204
219	206
219	207
219	212
219	220
219	222
219	226
219	232
219	234
219	235
219	238
219	264
219	277
219	278
219	281
219	284
219	285
219	302
219	303
219	306
219	313
219	331
219	332
219	333
219	344
219	345
219	350
219	352
219	358
220	91
220	106
220	123
220	126
220	127
220	139
220	146
220	151
220	153
220	154
220	190
220	191
220	192
220	194
220	195
220	201
220	205
220	208
220	213
220	221
220	223
220	225
220	233
220	263
220	279
220	282
220	283
220	301
220	307
220	313
220	320
220	322
220	324
220	332
220	334
220	339
220	343
220	346
220	351
220	353
221	90
221	92
221	93
221	105
221	117
221	123
221	124
221	125
221	139
221	140
221	143
221	145
221	149
221	150
221	152
221	189
221	191
221	194
221	195
221	196
221	201
221	208
221	209
221	210
221	212
221	213
221	221
221	224
221	225
221	234
221	264
221	265
221	280
221	281
221	293
221	300
221	313
221	319
221	320
221	321
221	323
221	324
221	331
221	333
221	337
221	338
221	340
221	342
221	347
221	352
221	353
222	89
222	94
222	104
222	118
222	124
222	141
222	142
222	144
222	145
222	147
222	148
222	149
222	151
222	158
222	181
222	186
222	190
222	192
222	193
222	197
222	199
222	200
222	202
222	206
222	208
222	211
222	212
222	221
222	223
222	233
222	264
222	280
222	282
222	290
222	292
222	300
222	304
222	312
222	318
222	322
222	330
222	334
222	336
222	339
222	341
222	352
222	354
223	94
223	95
223	96
223	101
223	102
223	103
223	105
223	106
223	118
223	119
223	125
223	127
223	146
223	152
223	158
223	163
223	179
223	181
223	187
223	188
223	189
223	191
223	192
223	194
223	195
223	197
223	198
223	203
223	204
223	207
223	211
223	212
223	218
223	219
223	222
223	230
223	232
223	260
223	263
223	279
223	280
223	290
223	292
223	301
223	303
223	305
223	306
223	308
223	311
223	315
223	316
223	317
223	318
223	323
223	324
223	329
223	335
223	339
223	342
223	353
223	355
224	96
224	102
224	106
224	107
224	113
224	120
224	123
224	124
224	126
224	146
224	150
224	153
224	157
224	159
224	160
224	163
224	164
224	171
224	180
224	182
224	185
224	186
224	189
224	190
224	192
224	196
224	199
224	202
224	205
224	206
224	211
224	213
224	217
224	220
224	223
224	231
224	260
224	261
224	262
224	278
224	279
224	291
224	302
224	303
224	304
224	307
224	308
224	309
224	310
224	312
224	313
224	314
224	318
224	322
224	323
224	325
224	326
224	327
224	328
224	335
224	336
224	342
224	355
225	96
225	99
225	101
225	108
225	109
225	110
225	114
225	119
225	120
225	121
225	122
225	127
225	150
225	151
225	152
225	154
225	161
225	162
225	163
225	165
225	166
225	172
225	173
225	179
225	183
225	184
225	189
225	196
225	198
225	203
225	205
225	210
225	213
225	214
225	216
225	218
225	220
225	223
225	230
225	231
225	243
225	244
225	262
225	279
225	281
225	290
225	302
225	304
225	309
225	319
225	324
225	326
225	328
225	341
225	342
225	356
226	97
226	99
226	100
226	107
226	110
226	113
226	122
226	128
226	129
226	140
226	142
226	150
226	154
226	160
226	166
226	167
226	172
226	174
226	176
226	177
226	178
226	182
226	184
226	192
226	193
226	195
226	198
226	203
226	209
226	213
226	215
226	218
226	219
226	221
226	222
226	225
226	227
226	231
226	232
226	244
226	254
226	261
226	280
226	287
226	288
226	289
226	302
226	308
226	310
226	319
226	323
226	324
226	328
226	329
226	342
226	357
226	358
226	361
227	97
227	98
227	99
227	104
227	105
227	106
227	111
227	114
227	119
227	121
227	128
227	129
227	134
227	140
227	141
227	142
227	146
227	149
227	155
227	157
227	159
227	166
227	167
227	171
227	173
227	175
227	179
227	183
227	185
227	190
227	191
227	193
227	194
227	196
227	197
227	209
227	216
227	223
227	224
227	226
227	228
227	230
227	243
227	249
227	252
227	253
227	259
227	260
227	280
227	287
227	301
227	303
227	304
227	311
227	327
227	329
227	358
227	361
228	98
228	99
228	111
228	112
228	113
228	115
228	120
228	126
228	127
228	128
228	129
228	130
228	131
228	133
228	140
228	143
228	144
228	145
228	147
228	148
228	154
228	156
228	157
228	158
228	165
228	168
228	169
228	170
228	173
228	174
228	183
228	185
228	190
228	192
228	193
228	194
228	209
228	210
228	217
228	222
228	225
228	228
228	229
228	242
228	248
228	251
228	258
228	261
228	281
228	286
228	292
228	293
228	294
228	300
228	305
228	310
228	326
228	328
228	358
228	360
228	361
228	362
229	97
229	98
229	99
229	112
229	116
229	117
229	118
229	119
229	126
229	129
229	132
229	133
229	134
229	138
229	139
229	141
229	143
229	147
229	153
229	155
229	164
229	165
229	171
229	180
229	183
229	193
229	194
229	207
229	208
229	211
229	216
229	217
229	218
229	222
229	225
229	227
229	230
229	236
229	241
229	248
229	250
229	261
229	275
229	276
229	280
229	281
229	286
229	292
229	299
229	310
229	311
229	312
229	328
229	359
230	98
230	100
230	112
230	115
230	117
230	120
230	130
230	131
230	132
230	135
230	138
230	141
230	146
230	153
230	155
230	165
230	170
230	181
230	182
230	183
230	194
230	216
230	224
230	231
230	235
230	241
230	248
230	251
230	258
230	262
230	268
230	269
230	275
230	276
230	280
230	282
230	283
230	285
230	287
230	288
230	289
230	290
230	291
230	292
230	298
230	299
230	301
230	328
230	330
230	359
230	363
231	98
231	99
231	105
231	106
231	111
231	116
231	131
231	136
231	138
231	142
231	146
231	152
231	154
231	165
231	166
231	171
231	183
231	184
231	194
231	214
231	215
231	231
231	232
231	233
231	234
231	235
231	236
231	237
231	238
231	239
231	240
231	241
231	242
231	243
231	244
231	245
231	246
231	247
231	248
231	249
231	250
231	251
231	252
231	253
231	254
231	255
231	256
231	257
231	258
231	259
231	260
231	261
231	262
231	263
231	264
231	265
231	266
231	267
231	268
231	269
231	270
231	271
231	272
231	273
231	274
231	275
231	276
231	277
231	278
231	279
231	280
231	281
231	284
231	291
231	294
231	298
231	300
231	329
231	359
231	360
231	361
231	362
232	97
232	98
232	99
232	107
232	109
232	110
232	115
232	130
232	132
232	137
232	139
232	146
232	153
232	167
232	170
232	171
232	193
232	194
232	195
232	212
232	213
232	215
232	231
232	232
232	233
232	234
232	235
232	236
232	237
232	238
232	239
232	240
232	241
232	242
232	243
232	244
232	245
232	246
232	247
232	248
232	249
232	250
232	251
232	252
232	253
232	254
232	255
232	256
232	257
232	258
232	259
232	260
232	261
232	262
232	263
232	264
232	265
232	266
232	267
232	268
232	269
232	270
232	271
232	272
232	273
232	274
232	275
232	276
232	277
232	278
232	279
232	280
232	281
232	292
232	293
232	298
232	300
232	328
232	358
232	359
233	97
233	108
233	116
233	130
233	137
233	140
233	144
233	145
233	147
233	172
233	190
233	191
233	192
233	196
233	211
233	231
233	232
233	233
233	234
233	235
233	236
233	237
233	238
233	239
233	240
233	241
233	242
233	243
233	244
233	245
233	246
233	247
233	248
233	249
233	250
233	251
233	252
233	253
233	254
233	255
233	256
233	257
233	258
233	259
233	260
233	261
233	262
233	263
233	264
233	265
233	266
233	267
233	268
233	269
233	270
233	271
233	272
233	273
233	274
233	275
233	276
233	277
233	278
233	279
233	280
233	281
233	282
233	283
233	294
233	295
233	297
233	299
233	302
233	303
233	306
233	329
233	360
234	107
234	108
234	109
234	136
234	139
234	173
234	193
234	231
234	232
234	233
234	234
234	235
234	236
234	237
234	238
234	239
234	240
234	241
234	242
234	243
234	244
234	245
234	246
234	247
234	248
234	249
234	250
234	251
234	252
234	253
234	254
234	255
234	256
234	257
234	258
234	259
234	260
234	261
234	262
234	263
234	264
234	265
234	266
234	267
234	268
234	269
234	270
234	271
234	272
234	273
234	274
234	275
234	276
234	277
234	278
234	279
234	280
234	281
234	296
234	300
234	301
234	302
234	304
234	305
234	306
234	309
234	361
235	106
235	107
235	110
235	136
235	139
235	173
235	174
235	191
235	192
235	230
235	231
235	232
235	233
235	234
235	235
235	236
235	237
235	238
235	239
235	240
235	241
235	242
235	243
235	244
235	245
235	246
235	247
235	248
235	249
235	250
235	251
235	252
235	253
235	254
235	255
235	256
235	257
235	258
235	259
235	260
235	261
235	262
235	263
235	264
235	265
235	266
235	267
235	268
235	269
235	270
235	271
235	272
235	273
235	274
235	275
235	276
235	277
235	278
235	279
235	280
235	281
235	296
235	300
235	303
235	305
235	308
236	106
236	136
236	139
236	190
236	193
236	231
236	232
236	233
236	234
236	235
236	236
236	237
236	238
236	239
236	240
236	241
236	242
236	243
236	244
236	245
236	246
236	247
236	248
236	249
236	250
236	251
236	252
236	253
236	254
236	255
236	256
236	257
236	258
236	259
236	260
236	261
236	262
236	263
236	264
236	265
236	266
236	267
236	268
236	269
236	270
236	271
236	272
236	273
236	274
236	275
236	276
236	277
236	278
236	279
236	280
236	281
236	299
236	301
236	306
236	307
236	308
237	106
237	138
237	189
237	193
237	231
237	232
237	233
237	234
237	235
237	236
237	237
237	238
237	239
237	240
237	241
237	242
237	243
237	244
237	245
237	246
237	247
237	248
237	249
237	250
237	251
237	252
237	253
237	254
237	255
237	256
237	257
237	258
237	259
237	260
237	261
237	262
237	263
237	264
237	265
237	266
237	267
237	268
237	269
237	270
237	271
237	272
237	273
237	274
237	275
237	276
237	277
237	278
237	279
237	280
237	281
237	288
237	298
237	302
237	307
238	105
238	106
238	187
238	189
238	226
238	231
238	232
238	233
238	234
238	235
238	236
238	237
238	238
238	239
238	240
238	241
238	242
238	243
238	244
238	245
238	246
238	247
238	248
238	249
238	250
238	251
238	252
238	253
238	254
238	255
238	256
238	257
238	258
238	259
238	260
238	261
238	262
238	263
238	264
238	265
238	266
238	267
238	268
238	269
238	270
238	271
238	272
238	273
238	274
238	275
238	276
238	277
238	278
238	279
238	280
238	281
238	287
238	307
238	309
239	107
239	188
239	226
239	227
239	231
239	232
239	233
239	234
239	235
239	236
239	237
239	238
239	239
239	240
239	241
239	242
239	243
239	244
239	245
239	246
239	247
239	248
239	249
239	250
239	251
239	252
239	253
239	254
239	255
239	256
239	257
239	258
239	259
239	260
239	261
239	262
239	263
239	264
239	265
239	266
239	267
239	268
239	269
239	270
239	271
239	272
239	273
239	274
239	275
239	276
239	277
239	278
239	279
239	280
239	281
239	286
239	308
239	310
240	108
240	189
240	227
240	228
240	229
240	230
240	231
240	232
240	233
240	234
240	235
240	236
240	237
240	238
240	239
240	240
240	241
240	242
240	243
240	244
240	245
240	246
240	247
240	248
240	249
240	250
240	251
240	252
240	253
240	254
240	255
240	256
240	257
240	258
240	259
240	260
240	261
240	262
240	263
240	264
240	265
240	266
240	267
240	268
240	269
240	270
240	271
240	272
240	273
240	274
240	275
240	276
240	277
240	278
240	279
240	280
240	281
240	285
240	308
240	311
241	190
241	226
241	228
241	230
241	231
241	232
241	233
241	234
241	235
241	236
241	237
241	238
241	239
241	240
241	241
241	242
241	243
241	244
241	245
241	246
241	247
241	248
241	249
241	250
241	251
241	252
241	253
241	254
241	255
241	256
241	257
241	258
241	259
241	260
241	261
241	262
241	263
241	264
241	265
241	266
241	267
241	268
241	269
241	270
241	271
241	272
241	273
241	274
241	275
241	276
241	277
241	278
241	279
241	280
241	281
241	282
241	283
241	284
241	286
242	224
242	225
242	231
242	232
242	233
242	234
242	235
242	236
242	237
242	238
242	239
242	240
242	241
242	242
242	243
242	244
242	245
242	246
242	247
242	248
242	249
242	250
242	251
242	252
242	253
242	254
242	255
242	256
242	257
242	258
242	259
242	260
242	261
242	262
242	263
242	264
242	265
242	266
242	267
242	268
242	269
242	270
242	271
242	272
242	273
242	274
242	275
242	276
242	277
242	278
242	279
242	280
242	281
242	285
243	231
243	232
243	233
243	234
243	235
243	236
243	237
243	238
243	239
243	240
243	241
243	242
243	243
243	244
243	245
243	246
243	247
243	248
243	249
243	250
243	251
243	252
243	253
243	254
243	255
243	256
243	257
243	258
243	259
243	260
243	261
243	262
243	263
243	264
243	265
243	266
243	267
243	268
243	269
243	270
243	271
243	272
243	273
243	274
243	275
243	276
243	277
243	278
243	279
243	280
243	281
243	295
243	299
244	231
244	232
244	233
244	234
244	235
244	236
244	237
244	238
244	239
244	240
244	241
244	242
244	243
244	244
244	245
244	246
244	247
244	248
244	249
244	250
244	251
244	252
244	253
244	254
244	255
244	256
244	257
244	258
244	259
244	260
244	261
244	262
244	263
244	264
244	265
244	266
244	267
244	268
244	269
244	270
244	271
244	272
244	273
244	274
244	275
244	276
244	277
244	278
244	279
244	280
244	281
244	294
244	295
244	297
244	298
245	228
245	231
245	232
245	233
245	234
245	235
245	236
245	237
245	238
245	239
245	240
245	241
245	242
245	243
245	244
245	245
245	246
245	247
245	248
245	249
245	250
245	251
245	252
245	253
245	254
245	255
245	256
245	257
245	258
245	259
245	260
245	261
245	262
245	263
245	264
245	265
245	266
245	267
245	268
245	269
245	270
245	271
245	272
245	273
245	274
245	275
245	276
245	277
245	278
245	279
245	280
245	281
245	292
245	293
245	296
245	298
246	227
246	229
246	230
246	231
246	232
246	233
246	234
246	235
246	236
246	237
246	238
246	239
246	240
246	241
246	242
246	243
246	244
246	245
246	246
246	247
246	248
246	249
246	250
246	251
246	252
246	253
246	254
246	255
246	256
246	257
246	258
246	259
246	260
246	261
246	262
246	263
246	264
246	265
246	266
246	267
246	268
246	269
246	270
246	271
246	272
246	273
246	274
246	275
246	276
246	277
246	278
246	279
246	280
246	281
246	290
246	291
246	294
247	224
247	226
247	231
247	232
247	233
247	234
247	235
247	236
247	237
247	238
247	239
247	240
247	241
247	242
247	243
247	244
247	245
247	246
247	247
247	248
247	249
247	250
247	251
247	252
247	253
247	254
247	255
247	256
247	257
247	258
247	259
247	260
247	261
247	262
247	263
247	264
247	265
247	266
247	267
247	268
247	269
247	270
247	271
247	272
247	273
247	274
247	275
247	276
247	277
247	278
247	279
247	280
247	281
247	282
247	285
247	289
247	292
247	361
247	362
247	364
248	222
248	223
248	225
248	226
248	231
248	232
248	233
248	234
248	235
248	236
248	237
248	238
248	239
248	240
248	241
248	242
248	243
248	244
248	245
248	246
248	247
248	248
248	249
248	250
248	251
248	252
248	253
248	254
248	255
248	256
248	257
248	258
248	259
248	260
248	261
248	262
248	263
248	264
248	265
248	266
248	267
248	268
248	269
248	270
248	271
248	272
248	273
248	274
248	275
248	276
248	277
248	278
248	279
248	280
248	281
248	282
248	283
248	285
248	288
248	292
248	363
248	365
248	367
249	214
249	220
249	221
249	227
249	231
249	232
249	233
249	234
249	235
249	236
249	237
249	238
249	239
249	240
249	241
249	242
249	243
249	244
249	245
249	246
249	247
249	248
249	249
249	250
249	251
249	252
249	253
249	254
249	255
249	256
249	257
249	258
249	259
249	260
249	261
249	262
249	263
249	264
249	265
249	266
249	267
249	268
249	269
249	270
249	271
249	272
249	273
249	274
249	275
249	276
249	277
249	278
249	279
249	280
249	281
249	284
249	286
249	287
249	293
249	362
249	364
249	365
249	366
250	212
250	213
250	215
250	216
250	218
250	220
250	231
250	232
250	233
250	234
250	235
250	236
250	237
250	238
250	239
250	240
250	241
250	242
250	243
250	244
250	245
250	246
250	247
250	248
250	249
250	250
250	251
250	252
250	253
250	254
250	255
250	256
250	257
250	258
250	259
250	260
250	261
250	262
250	263
250	264
250	265
250	266
250	267
250	268
250	269
250	270
250	271
250	272
250	273
250	274
250	275
250	276
250	277
250	278
250	279
250	280
250	281
250	283
250	287
250	294
250	356
250	357
250	359
250	360
250	361
250	367
251	215
251	217
251	219
251	231
251	232
251	233
251	234
251	235
251	236
251	237
251	238
251	239
251	240
251	241
251	242
251	243
251	244
251	245
251	246
251	247
251	248
251	249
251	250
251	251
251	252
251	253
251	254
251	255
251	256
251	257
251	258
251	259
251	260
251	261
251	262
251	263
251	264
251	265
251	266
251	267
251	268
251	269
251	270
251	271
251	272
251	273
251	274
251	275
251	276
251	277
251	278
251	279
251	280
251	281
251	288
251	358
251	361
251	368
251	371
251	372
252	213
252	214
252	219
252	229
252	230
252	231
252	232
252	233
252	234
252	235
252	236
252	237
252	238
252	239
252	240
252	241
252	242
252	243
252	244
252	245
252	246
252	247
252	248
252	249
252	250
252	251
252	252
252	253
252	254
252	255
252	256
252	257
252	258
252	259
252	260
252	261
252	262
252	263
252	264
252	265
252	266
252	267
252	268
252	269
252	270
252	271
252	272
252	273
252	274
252	275
252	276
252	277
252	278
252	279
252	280
252	281
252	288
252	289
252	297
252	298
252	300
252	359
252	370
253	218
253	231
253	232
253	233
253	234
253	235
253	236
253	237
253	238
253	239
253	240
253	241
253	242
253	243
253	244
253	245
253	246
253	247
253	248
253	249
253	250
253	251
253	252
253	253
253	254
253	255
253	256
253	257
253	258
253	259
253	260
253	261
253	262
253	263
253	264
253	265
253	266
253	267
253	268
253	269
253	270
253	271
253	272
253	273
253	274
253	275
253	276
253	277
253	278
253	279
253	280
253	281
253	283
253	285
253	290
253	296
253	298
253	299
253	358
253	369
253	371
253	372
254	225
254	226
254	227
254	228
254	231
254	232
254	233
254	234
254	235
254	236
254	237
254	238
254	239
254	240
254	241
254	242
254	243
254	244
254	245
254	246
254	247
254	248
254	249
254	250
254	251
254	252
254	253
254	254
254	255
254	256
254	257
254	258
254	259
254	260
254	261
254	262
254	263
254	264
254	265
254	266
254	267
254	268
254	269
254	270
254	271
254	272
254	273
254	274
254	275
254	276
254	277
254	278
254	279
254	280
254	281
254	284
254	290
254	292
254	293
254	294
254	295
254	300
254	357
254	358
254	359
254	368
254	373
255	227
255	229
255	230
255	231
255	232
255	233
255	234
255	235
255	236
255	237
255	238
255	239
255	240
255	241
255	242
255	243
255	244
255	245
255	246
255	247
255	248
255	249
255	250
255	251
255	252
255	253
255	254
255	255
255	256
255	257
255	258
255	259
255	260
255	261
255	262
255	263
255	264
255	265
255	266
255	267
255	268
255	269
255	270
255	271
255	272
255	273
255	274
255	275
255	276
255	277
255	278
255	279
255	280
255	281
255	282
255	283
255	284
255	291
255	294
255	296
255	297
255	301
255	356
255	364
255	365
255	367
255	371
256	229
256	231
256	232
256	233
256	234
256	235
256	236
256	237
256	238
256	239
256	240
256	241
256	242
256	243
256	244
256	245
256	246
256	247
256	248
256	249
256	250
256	251
256	252
256	253
256	254
256	255
256	256
256	257
256	258
256	259
256	260
256	261
256	262
256	263
256	264
256	265
256	266
256	267
256	268
256	269
256	270
256	271
256	272
256	273
256	274
256	275
256	276
256	277
256	278
256	279
256	280
256	281
256	283
256	285
256	291
256	296
256	353
256	355
256	357
256	358
256	361
256	362
256	363
256	366
256	370
257	229
257	230
257	231
257	232
257	233
257	234
257	235
257	236
257	237
257	238
257	239
257	240
257	241
257	242
257	243
257	244
257	245
257	246
257	247
257	248
257	249
257	250
257	251
257	252
257	253
257	254
257	255
257	256
257	257
257	258
257	259
257	260
257	261
257	262
257	263
257	264
257	265
257	266
257	267
257	268
257	269
257	270
257	271
257	272
257	273
257	274
257	275
257	276
257	277
257	278
257	279
257	280
257	281
257	282
257	285
257	297
257	354
257	359
257	360
257	362
257	367
257	369
258	231
258	232
258	233
258	234
258	235
258	236
258	237
258	238
258	239
258	240
258	241
258	242
258	243
258	244
258	245
258	246
258	247
258	248
258	249
258	250
258	251
258	252
258	253
258	254
258	255
258	256
258	257
258	258
258	259
258	260
258	261
258	262
258	263
258	264
258	265
258	266
258	267
258	268
258	269
258	270
258	271
258	272
258	273
258	274
258	275
258	276
258	277
258	278
258	279
258	280
258	281
258	297
258	298
258	354
258	360
258	368
259	231
259	232
259	233
259	234
259	235
259	236
259	237
259	238
259	239
259	240
259	241
259	242
259	243
259	244
259	245
259	246
259	247
259	248
259	249
259	250
259	251
259	252
259	253
259	254
259	255
259	256
259	257
259	258
259	259
259	260
259	261
259	262
259	263
259	264
259	265
259	266
259	267
259	268
259	269
259	270
259	271
259	272
259	273
259	274
259	275
259	276
259	277
259	278
259	279
259	280
259	281
259	299
259	300
259	340
259	353
259	355
259	356
259	360
259	367
259	369
260	231
260	232
260	233
260	234
260	235
260	236
260	237
260	238
260	239
260	240
260	241
260	242
260	243
260	244
260	245
260	246
260	247
260	248
260	249
260	250
260	251
260	252
260	253
260	254
260	255
260	256
260	257
260	258
260	259
260	260
260	261
260	262
260	263
260	264
260	265
260	266
260	267
260	268
260	269
260	270
260	271
260	272
260	273
260	274
260	275
260	276
260	277
260	278
260	279
260	280
260	281
260	299
260	338
260	339
260	340
260	341
260	352
260	353
260	357
260	368
261	228
261	231
261	232
261	233
261	234
261	235
261	236
261	237
261	238
261	239
261	240
261	241
261	242
261	243
261	244
261	245
261	246
261	247
261	248
261	249
261	250
261	251
261	252
261	253
261	254
261	255
261	256
261	257
261	258
261	259
261	260
261	261
261	262
261	263
261	264
261	265
261	266
261	267
261	268
261	269
261	270
261	271
261	272
261	273
261	274
261	275
261	276
261	277
261	278
261	279
261	280
261	281
261	299
261	339
261	351
261	352
261	357
261	368
262	224
262	227
262	231
262	232
262	233
262	234
262	235
262	236
262	237
262	238
262	239
262	240
262	241
262	242
262	243
262	244
262	245
262	246
262	247
262	248
262	249
262	250
262	251
262	252
262	253
262	254
262	255
262	256
262	257
262	258
262	259
262	260
262	261
262	262
262	263
262	264
262	265
262	266
262	267
262	268
262	269
262	270
262	271
262	272
262	273
262	274
262	275
262	276
262	277
262	278
262	279
262	280
262	281
262	282
262	284
262	339
262	351
262	353
262	358
262	369
263	222
263	225
263	226
263	228
263	231
263	232
263	233
263	234
263	235
263	236
263	237
263	238
263	239
263	240
263	241
263	242
263	243
263	244
263	245
263	246
263	247
263	248
263	249
263	250
263	251
263	252
263	253
263	254
263	255
263	256
263	257
263	258
263	259
263	260
263	261
263	262
263	263
263	264
263	265
263	266
263	267
263	268
263	269
263	270
263	271
263	272
263	273
263	274
263	275
263	276
263	277
263	278
263	279
263	280
263	281
263	282
263	283
263	286
263	338
263	349
263	351
263	353
263	358
263	359
263	370
263	372
263	373
264	221
264	224
264	227
264	228
264	231
264	232
264	233
264	234
264	235
264	236
264	237
264	238
264	239
264	240
264	241
264	242
264	243
264	244
264	245
264	246
264	247
264	248
264	249
264	250
264	251
264	252
264	253
264	254
264	255
264	256
264	257
264	258
264	259
264	260
264	261
264	262
264	263
264	264
264	265
264	266
264	267
264	268
264	269
264	270
264	271
264	272
264	273
264	274
264	275
264	276
264	277
264	278
264	279
264	280
264	281
264	284
264	285
264	287
264	331
264	339
264	344
264	349
264	350
264	353
264	359
264	365
264	371
264	374
265	222
265	229
265	231
265	232
265	233
265	234
265	235
265	236
265	237
265	238
265	239
265	240
265	241
265	242
265	243
265	244
265	245
265	246
265	247
265	248
265	249
265	250
265	251
265	252
265	253
265	254
265	255
265	256
265	257
265	258
265	259
265	260
265	261
265	262
265	263
265	264
265	265
265	266
265	267
265	268
265	269
265	270
265	271
265	272
265	273
265	274
265	275
265	276
265	277
265	278
265	279
265	280
265	281
265	288
265	331
265	338
265	341
265	344
265	348
265	351
265	360
265	361
265	362
265	364
265	365
265	375
266	213
266	214
266	222
266	228
266	230
266	231
266	232
266	233
266	234
266	235
266	236
266	237
266	238
266	239
266	240
266	241
266	242
266	243
266	244
266	245
266	246
266	247
266	248
266	249
266	250
266	251
266	252
266	253
266	254
266	255
266	256
266	257
266	258
266	259
266	260
266	261
266	262
266	263
266	264
266	265
266	266
266	267
266	268
266	269
266	270
266	271
266	272
266	273
266	274
266	275
266	276
266	277
266	278
266	279
266	280
266	281
266	331
266	335
266	337
266	342
266	343
266	345
266	347
266	348
266	352
266	363
266	374
267	215
267	217
267	223
267	231
267	232
267	233
267	234
267	235
267	236
267	237
267	238
267	239
267	240
267	241
267	242
267	243
267	244
267	245
267	246
267	247
267	248
267	249
267	250
267	251
267	252
267	253
267	254
267	255
267	256
267	257
267	258
267	259
267	260
267	261
267	262
267	263
267	264
267	265
267	266
267	267
267	268
267	269
267	270
267	271
267	272
267	273
267	274
267	275
267	276
267	277
267	278
267	279
267	280
267	281
267	330
267	335
267	336
267	337
267	339
267	340
267	341
267	342
267	346
267	349
267	353
267	355
267	363
268	215
268	217
268	224
268	231
268	232
268	233
268	234
268	235
268	236
268	237
268	238
268	239
268	240
268	241
268	242
268	243
268	244
268	245
268	246
268	247
268	248
268	249
268	250
268	251
268	252
268	253
268	254
268	255
268	256
268	257
268	258
268	259
268	260
268	261
268	262
268	263
268	264
268	265
268	266
268	267
268	268
268	269
268	270
268	271
268	272
268	273
268	274
268	275
268	276
268	277
268	278
268	279
268	280
268	281
268	282
268	285
268	286
268	287
268	314
268	326
268	330
268	335
268	338
268	342
268	350
268	353
268	354
268	356
269	207
269	212
269	214
269	216
269	217
269	225
269	231
269	232
269	233
269	234
269	235
269	236
269	237
269	238
269	239
269	240
269	241
269	242
269	243
269	244
269	245
269	246
269	247
269	248
269	249
269	250
269	251
269	252
269	253
269	254
269	255
269	256
269	257
269	258
269	259
269	260
269	261
269	262
269	263
269	264
269	265
269	266
269	267
269	268
269	269
269	270
269	271
269	272
269	273
269	274
269	275
269	276
269	277
269	278
269	279
269	280
269	281
269	283
269	284
269	286
269	315
269	324
269	325
269	327
269	331
269	334
269	342
269	343
269	349
270	206
270	213
270	217
270	226
270	231
270	232
270	233
270	234
270	235
270	236
270	237
270	238
270	239
270	240
270	241
270	242
270	243
270	244
270	245
270	246
270	247
270	248
270	249
270	250
270	251
270	252
270	253
270	254
270	255
270	256
270	257
270	258
270	259
270	260
270	261
270	262
270	263
270	264
270	265
270	266
270	267
270	268
270	269
270	270
270	271
270	272
270	273
270	274
270	275
270	276
270	277
270	278
270	279
270	280
270	281
270	315
270	328
270	331
270	333
270	334
270	335
270	344
270	350
271	145
271	207
271	217
271	218
271	227
271	231
271	232
271	233
271	234
271	235
271	236
271	237
271	238
271	239
271	240
271	241
271	242
271	243
271	244
271	245
271	246
271	247
271	248
271	249
271	250
271	251
271	252
271	253
271	254
271	255
271	256
271	257
271	258
271	259
271	260
271	261
271	262
271	263
271	264
271	265
271	266
271	267
271	268
271	269
271	270
271	271
271	272
271	273
271	274
271	275
271	276
271	277
271	278
271	279
271	280
271	281
271	315
271	328
271	330
271	332
271	334
271	335
271	344
271	351
272	145
272	204
272	205
272	206
272	208
272	211
272	212
272	216
272	219
272	222
272	225
272	227
272	230
272	231
272	232
272	233
272	234
272	235
272	236
272	237
272	238
272	239
272	240
272	241
272	242
272	243
272	244
272	245
272	246
272	247
272	248
272	249
272	250
272	251
272	252
272	253
272	254
272	255
272	256
272	257
272	258
272	259
272	260
272	261
272	262
272	263
272	264
272	265
272	266
272	267
272	268
272	269
272	270
272	271
272	272
272	273
272	274
272	275
272	276
272	277
272	278
272	279
272	280
272	281
272	282
272	283
272	284
272	285
272	287
272	307
272	308
272	312
272	314
272	329
272	344
272	345
272	346
272	347
272	352
273	135
273	139
273	144
273	207
273	209
273	210
273	211
273	212
273	214
273	215
273	218
273	222
273	223
273	224
273	226
273	227
273	228
273	229
273	231
273	232
273	233
273	234
273	235
273	236
273	237
273	238
273	239
273	240
273	241
273	242
273	243
273	244
273	245
273	246
273	247
273	248
273	249
273	250
273	251
273	252
273	253
273	254
273	255
273	256
273	257
273	258
273	259
273	260
273	261
273	262
273	263
273	264
273	265
273	266
273	267
273	268
273	269
273	270
273	271
273	272
273	273
273	274
273	275
273	276
273	277
273	278
273	279
273	280
273	281
273	286
273	308
273	313
273	318
273	329
273	343
273	347
273	352
274	136
274	139
274	144
274	206
274	213
274	214
274	219
274	220
274	222
274	227
274	230
274	231
274	232
274	233
274	234
274	235
274	236
274	237
274	238
274	239
274	240
274	241
274	242
274	243
274	244
274	245
274	246
274	247
274	248
274	249
274	250
274	251
274	252
274	253
274	254
274	255
274	256
274	257
274	258
274	259
274	260
274	261
274	262
274	263
274	264
274	265
274	266
274	267
274	268
274	269
274	270
274	271
274	272
274	273
274	274
274	275
274	276
274	277
274	278
274	279
274	280
274	281
274	287
274	288
274	308
274	314
274	317
274	328
275	136
275	137
275	138
275	139
275	140
275	141
275	145
275	212
275	213
275	217
275	218
275	221
275	231
275	232
275	233
275	234
275	235
275	236
275	237
275	238
275	239
275	240
275	241
275	242
275	243
275	244
275	245
275	246
275	247
275	248
275	249
275	250
275	251
275	252
275	253
275	254
275	255
275	256
275	257
275	258
275	259
275	260
275	261
275	262
275	263
275	264
275	265
275	266
275	267
275	268
275	269
275	270
275	271
275	272
275	273
275	274
275	275
275	276
275	277
275	278
275	279
275	280
275	281
275	309
275	310
275	314
275	316
275	318
275	319
275	324
275	327
275	332
275	335
275	336
276	138
276	141
276	145
276	146
276	211
276	220
276	221
276	231
276	232
276	233
276	234
276	235
276	236
276	237
276	238
276	239
276	240
276	241
276	242
276	243
276	244
276	245
276	246
276	247
276	248
276	249
276	250
276	251
276	252
276	253
276	254
276	255
276	256
276	257
276	258
276	259
276	260
276	261
276	262
276	263
276	264
276	265
276	266
276	267
276	268
276	269
276	270
276	271
276	272
276	273
276	274
276	275
276	276
276	277
276	278
276	279
276	280
276	281
276	309
276	310
276	313
276	315
276	317
276	319
276	320
276	323
276	326
276	328
276	333
276	334
276	337
277	142
277	146
277	211
277	231
277	232
277	233
277	234
277	235
277	236
277	237
277	238
277	239
277	240
277	241
277	242
277	243
277	244
277	245
277	246
277	247
277	248
277	249
277	250
277	251
277	252
277	253
277	254
277	255
277	256
277	257
277	258
277	259
277	260
277	261
277	262
277	263
277	264
277	265
277	266
277	267
277	268
277	269
277	270
277	271
277	272
277	273
277	274
277	275
277	276
277	277
277	278
277	279
277	280
277	281
277	282
277	299
277	308
277	314
277	315
277	319
277	321
277	323
277	324
277	325
277	328
277	332
277	334
278	143
278	144
278	145
278	154
278	210
278	225
278	231
278	232
278	233
278	234
278	235
278	236
278	237
278	238
278	239
278	240
278	241
278	242
278	243
278	244
278	245
278	246
278	247
278	248
278	249
278	250
278	251
278	252
278	253
278	254
278	255
278	256
278	257
278	258
278	259
278	260
278	261
278	262
278	263
278	264
278	265
278	266
278	267
278	268
278	269
278	270
278	271
278	272
278	273
278	274
278	275
278	276
278	277
278	278
278	279
278	280
278	281
278	300
278	307
278	308
278	309
278	313
278	315
278	320
278	322
278	324
278	329
278	331
278	335
279	145
279	147
279	155
279	209
279	225
279	226
279	231
279	232
279	233
279	234
279	235
279	236
279	237
279	238
279	239
279	240
279	241
279	242
279	243
279	244
279	245
279	246
279	247
279	248
279	249
279	250
279	251
279	252
279	253
279	254
279	255
279	256
279	257
279	258
279	259
279	260
279	261
279	262
279	263
279	264
279	265
279	266
279	267
279	268
279	269
279	270
279	271
279	272
279	273
279	274
279	275
279	276
279	277
279	278
279	279
279	280
279	281
279	282
279	301
279	302
279	306
279	310
279	311
279	312
279	313
279	316
279	319
279	322
279	328
279	330
280	145
280	146
280	148
280	156
280	227
280	228
280	230
280	231
280	232
280	233
280	234
280	235
280	236
280	237
280	238
280	239
280	240
280	241
280	242
280	243
280	244
280	245
280	246
280	247
280	248
280	249
280	250
280	251
280	252
280	253
280	254
280	255
280	256
280	257
280	258
280	259
280	260
280	261
280	262
280	263
280	264
280	265
280	266
280	267
280	268
280	269
280	270
280	271
280	272
280	273
280	274
280	275
280	276
280	277
280	278
280	279
280	280
280	281
280	283
280	284
280	300
280	303
280	304
280	305
280	307
280	312
280	314
280	319
280	320
280	328
280	331
281	144
281	147
281	149
281	155
281	229
281	231
281	232
281	233
281	234
281	235
281	236
281	237
281	238
281	239
281	240
281	241
281	242
281	243
281	244
281	245
281	246
281	247
281	248
281	249
281	250
281	251
281	252
281	253
281	254
281	255
281	256
281	257
281	258
281	259
281	260
281	261
281	262
281	263
281	264
281	265
281	266
281	267
281	268
281	269
281	270
281	271
281	272
281	273
281	274
281	275
281	276
281	277
281	278
281	279
281	280
281	281
281	300
281	303
281	312
281	313
281	332
281	333
282	150
282	151
282	154
282	205
282	229
282	231
282	235
282	236
282	239
282	246
282	249
282	250
282	256
282	261
282	266
282	269
282	276
282	282
282	293
282	294
282	300
282	302
282	311
282	333
283	72
283	150
283	154
283	203
283	204
283	227
283	229
283	230
283	231
283	237
283	238
283	245
283	249
283	251
283	254
283	255
283	260
283	269
283	277
283	282
283	283
283	292
283	296
283	300
283	301
283	302
283	334
283	335
283	336
283	337
284	71
284	147
284	148
284	149
284	150
284	151
284	155
284	156
284	157
284	204
284	205
284	222
284	227
284	229
284	238
284	244
284	248
284	255
284	268
284	270
284	283
284	287
284	291
284	292
284	294
284	297
284	298
284	299
284	333
284	335
284	355
285	72
285	148
285	152
285	155
285	206
285	207
285	208
285	215
285	223
285	228
285	239
285	243
285	244
285	256
285	267
285	283
285	287
285	290
285	293
285	294
285	295
285	296
285	298
285	299
285	306
285	335
285	336
285	338
285	354
285	355
286	71
286	151
286	153
286	154
286	155
286	191
286	203
286	204
286	205
286	209
286	216
286	221
286	222
286	224
286	227
286	228
286	238
286	244
286	245
286	246
286	256
286	257
286	258
286	266
286	267
286	268
286	284
286	285
286	286
286	287
286	289
286	290
286	300
286	301
286	303
286	304
286	305
286	334
286	336
286	337
286	354
287	70
287	150
287	155
287	156
287	184
287	185
287	191
287	202
287	208
287	210
287	214
287	215
287	224
287	226
287	227
287	229
287	238
287	239
287	240
287	247
287	258
287	259
287	268
287	283
287	288
287	289
287	291
287	292
287	293
287	294
287	302
287	303
287	306
287	307
287	308
287	337
287	338
287	353
288	70
288	155
288	162
288	168
288	183
288	185
288	189
288	190
288	201
288	211
288	215
288	216
288	224
288	225
288	230
288	281
288	282
288	283
288	287
288	292
288	305
288	307
288	338
288	349
288	350
288	353
288	355
288	356
289	69
289	70
289	155
289	161
289	168
289	186
289	189
289	199
289	200
289	211
289	213
289	214
289	215
289	221
289	223
289	225
289	230
289	280
289	288
289	293
289	294
289	305
289	307
289	310
289	338
289	340
289	341
289	347
289	348
289	349
289	350
289	352
289	354
289	356
290	63
290	64
290	69
290	71
290	156
290	160
290	168
290	187
290	188
290	209
290	210
290	212
290	216
290	221
290	222
290	225
290	277
290	279
290	285
290	286
290	287
290	289
290	295
290	298
290	308
290	309
290	311
290	313
290	325
290	339
290	342
290	343
290	344
290	345
290	347
290	351
290	352
291	65
291	66
291	68
291	70
291	71
291	155
291	159
291	162
291	168
291	189
291	191
291	197
291	208
291	216
291	217
291	218
291	219
291	225
291	278
291	280
291	286
291	293
291	294
291	295
291	296
291	297
291	299
291	307
291	309
291	312
291	315
291	318
291	319
291	320
291	323
291	324
291	325
291	339
291	343
291	346
291	347
291	348
291	351
291	353
292	20
292	64
292	67
292	72
292	155
292	159
292	161
292	169
292	186
292	190
292	197
292	207
292	208
292	212
292	213
292	214
292	215
292	220
292	221
292	222
292	225
292	279
292	285
292	292
292	296
292	297
292	310
292	313
292	316
292	317
292	321
292	322
292	323
292	324
292	325
292	326
292	327
292	339
292	344
292	347
292	352
292	353
292	354
293	21
293	27
293	66
293	73
293	74
293	75
293	154
293	156
293	160
293	169
293	187
293	189
293	197
293	211
293	215
293	219
293	223
293	225
293	277
293	278
293	279
293	285
293	298
293	309
293	311
293	314
293	315
293	316
293	321
293	325
293	328
293	329
293	339
293	345
293	346
294	20
294	22
294	25
294	28
294	74
294	118
294	119
294	147
294	148
294	153
294	157
294	159
294	161
294	168
294	169
294	188
294	189
294	190
294	192
294	194
294	198
294	219
294	224
294	274
294	275
294	277
294	279
294	284
294	286
294	287
294	299
294	310
294	315
294	328
294	330
294	331
294	346
295	23
295	24
295	25
295	26
295	27
295	36
295	38
295	74
295	76
295	119
295	143
295	146
295	147
295	148
295	151
295	152
295	153
295	158
295	160
295	161
295	170
295	171
295	191
295	192
295	194
295	198
295	218
295	224
295	275
295	276
295	277
295	287
295	300
295	302
295	303
295	304
295	314
295	315
295	327
295	332
295	346
295	347
296	24
296	28
296	36
296	37
296	75
296	120
296	143
296	144
296	146
296	149
296	150
296	154
296	157
296	161
296	171
296	172
296	173
296	174
296	193
296	195
296	199
296	217
296	225
296	278
296	286
296	301
296	315
296	318
296	348
297	28
297	29
297	36
297	75
297	121
297	123
297	145
297	150
297	161
297	171
297	173
297	175
297	195
297	196
297	197
297	199
297	226
297	228
297	279
297	286
297	298
297	299
297	300
297	315
297	316
297	318
298	27
298	30
298	33
298	36
298	75
298	122
298	160
298	162
298	174
298	177
298	180
298	182
298	190
298	191
298	194
298	197
298	198
298	199
298	222
298	223
298	224
298	225
298	226
298	227
298	278
298	280
298	285
298	287
298	288
298	297
298	298
298	299
298	317
299	31
299	32
299	35
299	73
299	75
299	120
299	121
299	163
299	170
299	175
299	176
299	180
299	181
299	189
299	192
299	193
299	200
299	207
299	216
299	217
299	222
299	223
299	228
299	280
299	285
299	296
299	298
299	299
299	318
299	319
299	320
300	31
300	32
300	35
300	44
300	74
300	75
300	121
300	157
300	164
300	171
300	172
300	174
300	177
300	178
300	179
300	182
300	187
300	189
300	191
300	200
300	201
300	207
300	211
300	215
300	216
300	218
300	221
300	223
300	228
300	229
300	230
300	232
300	233
300	279
300	281
300	285
300	300
300	301
301	32
301	33
301	34
301	36
301	39
301	43
301	75
301	79
301	119
301	121
301	137
301	139
301	158
301	159
301	160
301	161
301	162
301	164
301	165
301	170
301	173
301	179
301	183
301	186
301	187
301	188
301	191
301	200
301	202
301	206
301	207
301	212
301	213
301	214
301	219
301	220
301	223
301	228
301	231
301	233
301	234
301	275
301	276
301	277
301	278
301	280
301	301
301	302
301	303
301	304
301	305
302	32
302	35
302	40
302	41
302	42
302	50
302	64
302	75
302	79
302	83
302	120
302	122
302	124
302	138
302	139
302	140
302	142
302	144
302	157
302	159
302	163
302	166
302	168
302	169
302	172
302	173
302	178
302	179
302	183
302	185
302	190
302	203
302	207
302	208
302	210
302	211
302	212
302	217
302	218
302	219
302	221
302	222
302	224
302	230
302	235
302	274
302	279
302	280
302	300
302	304
302	309
303	30
303	31
303	32
303	35
303	36
303	39
303	41
303	47
303	48
303	49
303	58
303	63
303	75
303	79
303	81
303	82
303	122
303	123
303	138
303	140
303	143
303	145
303	163
303	167
303	173
303	176
303	177
303	179
303	184
303	189
303	203
303	207
303	209
303	220
303	225
303	235
303	274
303	278
303	281
303	304
303	308
303	309
304	30
304	37
304	39
304	40
304	41
304	42
304	45
304	46
304	47
304	59
304	60
304	62
304	75
304	79
304	80
304	121
304	122
304	126
304	141
304	142
304	146
304	159
304	167
304	175
304	180
304	183
304	184
304	190
304	201
304	203
304	204
304	205
304	206
304	221
304	225
304	236
304	273
304	274
304	277
304	279
304	303
304	304
304	308
304	310
305	38
305	39
305	43
305	45
305	61
305	62
305	75
305	78
305	123
305	124
305	127
305	147
305	160
305	166
305	167
305	179
305	182
305	188
305	189
305	200
305	202
305	205
305	220
305	226
305	273
305	275
305	279
305	302
305	304
305	308
306	36
306	37
306	38
306	44
306	61
306	68
306	71
306	76
306	78
306	125
306	127
306	130
306	143
306	146
306	148
306	149
306	151
306	160
306	162
306	165
306	177
306	178
306	179
306	180
306	183
306	197
306	198
306	199
306	209
306	210
306	211
306	212
306	214
306	215
306	216
306	219
306	226
306	276
306	280
306	281
306	301
306	303
306	305
306	308
306	326
307	29
307	38
307	45
307	48
307	62
307	67
307	68
307	71
307	77
307	84
307	87
307	126
307	129
307	140
307	144
307	145
307	150
307	161
307	162
307	164
307	175
307	176
307	177
307	180
307	183
307	197
307	198
307	200
307	213
307	215
307	217
307	218
307	219
307	225
307	275
307	280
307	281
307	296
307	297
307	300
307	304
307	305
307	307
307	309
307	324
307	325
308	30
308	31
308	32
308	38
308	46
308	48
308	58
308	59
308	60
308	63
308	64
308	65
308	66
308	69
308	70
308	72
308	76
308	77
308	83
308	86
308	89
308	123
308	126
308	129
308	139
308	144
308	151
308	152
308	153
308	160
308	163
308	174
308	177
308	193
308	194
308	198
308	211
308	214
308	215
308	218
308	220
308	225
308	226
308	227
308	279
308	281
308	282
308	292
308	293
308	294
308	295
308	297
308	298
308	299
308	306
308	308
308	311
308	323
309	29
309	32
309	33
309	34
309	37
309	39
309	45
309	47
309	58
309	61
309	62
309	67
309	68
309	73
309	74
309	75
309	77
309	80
309	84
309	86
309	89
309	91
309	124
309	126
309	127
309	130
309	140
309	149
309	150
309	154
309	155
309	156
309	157
309	159
309	164
309	165
309	176
309	193
309	194
309	195
309	196
309	197
309	212
309	213
309	219
309	221
309	226
309	280
309	293
309	305
309	308
309	310
309	311
309	312
309	324
309	325
310	34
310	36
310	37
310	47
310	50
310	53
310	57
310	63
310	66
310	69
310	73
310	74
310	78
310	79
310	80
310	82
310	83
310	84
310	85
310	86
310	90
310	91
310	120
310	125
310	128
310	129
310	136
310	137
310	138
310	139
310	140
310	142
310	148
310	151
310	155
310	158
310	160
310	164
310	177
310	193
310	196
310	213
310	218
310	220
310	221
310	226
310	280
310	304
310	305
310	308
310	309
310	311
310	316
310	319
310	320
310	321
310	323
310	326
311	35
311	46
311	48
311	51
311	54
311	55
311	56
311	62
311	66
311	78
311	81
311	86
311	89
311	93
311	118
311	120
311	121
311	124
311	129
311	141
311	143
311	152
311	153
311	155
311	159
311	165
311	176
311	178
311	179
311	180
311	213
311	214
311	222
311	223
311	227
311	228
311	280
311	304
311	310
311	315
311	316
311	317
311	319
311	322
311	327
312	34
312	45
312	47
312	49
312	50
312	52
312	53
312	55
312	57
312	62
312	66
312	67
312	77
312	80
312	86
312	87
312	88
312	90
312	92
312	119
312	120
312	122
312	123
312	129
312	144
312	145
312	151
312	154
312	155
312	158
312	166
312	174
312	175
312	181
312	210
312	215
312	216
312	221
312	222
312	227
312	279
312	281
312	303
312	309
312	312
312	313
312	314
312	318
312	322
313	44
313	50
313	53
313	60
313	61
313	76
313	79
313	80
313	88
313	91
313	93
313	122
313	130
313	133
313	143
313	146
313	153
313	154
313	157
313	159
313	166
313	176
313	180
313	209
313	211
313	214
313	215
313	220
313	223
313	226
313	228
313	279
313	280
313	308
313	310
313	312
313	315
313	318
313	323
314	37
314	40
314	43
314	49
314	52
314	61
314	76
314	79
314	91
314	92
314	93
314	104
314	130
314	133
314	141
314	142
314	147
314	149
314	150
314	153
314	155
314	165
314	166
314	175
314	179
314	208
314	211
314	212
314	214
314	222
314	226
314	228
314	276
314	277
314	278
314	279
314	283
314	310
314	311
314	318
314	324
315	31
315	38
315	41
315	42
315	49
315	50
315	52
315	53
315	61
315	74
315	75
315	77
315	92
315	93
315	94
315	103
315	128
315	129
315	131
315	134
315	139
315	141
315	148
315	151
315	152
315	154
315	165
315	174
315	175
315	180
315	207
315	210
315	213
315	226
315	229
315	231
315	235
315	275
315	279
315	280
315	282
315	307
315	308
315	309
316	32
316	35
316	36
316	38
316	40
316	42
316	43
316	51
316	54
316	61
316	76
316	93
316	94
316	95
316	97
316	102
316	131
316	133
316	135
316	136
316	140
316	147
316	149
316	152
316	153
316	155
316	166
316	172
316	173
316	206
316	207
316	209
316	210
316	214
316	227
316	229
316	230
316	231
316	232
316	234
316	236
316	276
316	281
316	306
316	310
317	33
317	37
317	38
317	39
317	44
317	49
317	50
317	51
317	60
317	62
317	63
317	77
317	86
317	92
317	96
317	98
317	102
317	130
317	132
317	136
317	139
317	147
317	153
317	156
317	171
317	173
317	206
317	209
317	213
317	214
317	228
317	232
317	233
317	237
317	281
317	305
317	308
317	309
317	311
317	363
317	366
318	34
318	36
318	47
318	48
318	49
318	52
318	59
318	85
318	87
318	88
318	90
318	91
318	95
318	96
318	99
318	100
318	101
318	104
318	105
318	137
318	138
318	144
318	146
318	147
318	154
318	156
318	168
318	170
318	172
318	174
318	206
318	209
318	213
318	227
318	229
318	232
318	234
318	310
318	312
318	335
318	338
318	339
318	364
318	367
319	32
319	33
319	34
319	35
319	48
319	58
319	60
319	82
319	84
319	85
319	89
319	91
319	98
319	101
319	102
319	103
319	105
319	139
319	145
319	147
319	154
319	157
319	158
319	169
319	174
319	175
319	212
319	235
319	239
319	310
319	313
319	314
319	334
319	340
319	341
319	357
319	364
319	366
320	30
320	31
320	36
320	37
320	48
320	57
320	58
320	61
320	83
320	89
320	102
320	106
320	139
320	145
320	157
320	159
320	170
320	171
320	174
320	193
320	213
320	214
320	234
320	235
320	238
320	312
320	315
320	334
320	339
320	344
320	358
320	363
320	365
321	26
321	27
321	29
321	36
321	44
321	46
321	48
321	49
321	60
321	82
321	87
321	88
321	106
321	139
321	144
321	158
321	160
321	170
321	174
321	194
321	212
321	213
321	214
321	236
321	238
321	240
321	308
321	311
321	313
321	314
321	317
321	324
321	328
321	329
321	334
321	339
321	342
321	344
321	354
321	359
321	362
321	363
321	366
322	26
322	28
322	37
322	44
322	45
322	47
322	50
322	61
322	88
322	107
322	143
322	145
322	157
322	193
322	194
322	211
322	214
322	235
322	237
322	238
322	240
322	309
322	311
322	312
322	315
322	316
322	325
322	327
322	330
322	334
322	340
322	341
322	343
322	349
322	355
322	359
322	361
323	25
323	28
323	36
323	37
323	38
323	46
323	51
323	87
323	92
323	108
323	142
323	146
323	158
323	192
323	195
323	199
323	210
323	212
323	235
323	239
323	303
323	310
323	311
323	316
323	317
323	321
323	324
323	326
323	333
323	336
323	337
323	339
323	340
323	350
323	356
323	358
323	360
323	362
324	28
324	29
324	30
324	37
324	39
324	46
324	51
324	86
324	93
324	94
324	95
324	97
324	108
324	111
324	119
324	142
324	143
324	147
324	158
324	195
324	198
324	204
324	207
324	208
324	209
324	212
324	213
324	214
324	229
324	230
324	231
324	234
324	236
324	240
324	241
324	242
324	243
324	304
324	305
324	309
324	310
324	312
324	318
324	320
324	324
324	333
324	337
324	338
324	350
324	355
324	356
324	357
324	390
324	391
325	28
325	29
325	31
325	38
325	45
325	82
325	83
325	84
325	85
325	87
325	92
325	95
325	97
325	98
325	99
325	100
325	103
325	104
325	107
325	108
325	109
325	110
325	118
325	120
325	140
325	141
325	143
325	146
325	157
325	194
325	196
325	199
325	201
325	202
325	205
325	206
325	207
325	210
325	211
325	215
325	228
325	229
325	232
325	234
325	239
325	243
325	303
325	306
325	307
325	308
325	309
325	311
325	319
325	320
325	322
325	323
325	330
325	331
325	332
325	336
325	337
325	338
325	339
325	350
325	355
325	391
326	37
326	38
326	45
326	82
326	91
326	95
326	96
326	101
326	102
326	105
326	106
326	107
326	111
326	113
326	115
326	116
326	119
326	123
326	125
326	139
326	141
326	146
326	155
326	157
326	190
326	193
326	196
326	200
326	201
326	203
326	204
326	206
326	210
326	211
326	214
326	216
326	219
326	231
326	232
326	233
326	239
326	244
326	249
326	303
326	307
326	311
326	312
326	318
326	321
326	322
326	324
326	328
326	329
326	330
326	333
326	334
326	335
326	338
326	350
326	351
326	354
326	391
326	392
327	38
327	44
327	45
327	81
327	93
327	94
327	101
327	105
327	107
327	112
327	113
327	114
327	117
327	118
327	119
327	122
327	123
327	125
327	137
327	138
327	146
327	147
327	156
327	158
327	159
327	160
327	191
327	192
327	193
327	197
327	198
327	199
327	201
327	203
327	207
327	210
327	211
327	212
327	216
327	217
327	218
327	220
327	230
327	234
327	240
327	243
327	245
327	248
327	250
327	308
327	311
327	313
327	315
327	317
327	321
327	325
327	326
327	328
327	334
327	339
327	343
327	349
327	352
327	353
327	386
327	390
328	43
328	95
328	100
328	107
328	112
328	120
328	122
328	124
328	126
328	134
328	136
328	147
328	158
328	159
328	161
328	188
328	190
328	192
328	202
328	206
328	207
328	208
328	209
328	216
328	219
328	227
328	228
328	230
328	239
328	241
328	244
328	246
328	248
328	307
328	310
328	314
328	316
328	317
328	327
328	328
328	334
328	335
328	340
328	343
328	349
328	387
328	390
328	392
329	89
329	90
329	91
329	92
329	93
329	94
329	97
329	98
329	99
329	101
329	112
329	120
329	121
329	127
329	134
329	136
329	160
329	182
329	189
329	198
329	200
329	201
329	206
329	207
329	210
329	219
329	220
329	229
329	237
329	238
329	247
329	249
329	315
329	318
329	319
329	320
329	326
329	327
329	335
329	341
329	343
329	348
329	350
329	369
329	386
329	390
329	391
329	393
329	394
330	87
330	88
330	89
330	91
330	101
330	112
330	119
330	120
330	128
330	132
330	134
330	135
330	182
330	183
330	189
330	197
330	199
330	201
330	207
330	211
330	218
330	228
330	239
330	246
330	314
330	315
330	317
330	319
330	321
330	325
330	328
330	329
330	332
330	334
330	342
330	344
330	347
330	348
330	367
330	369
330	387
330	388
330	389
331	89
331	100
331	119
331	125
331	128
331	129
331	131
331	133
331	136
331	137
331	138
331	183
331	186
331	187
331	188
331	201
331	207
331	217
331	218
331	228
331	238
331	245
331	313
331	315
331	318
331	325
331	327
331	329
331	331
331	332
331	333
331	334
331	343
331	346
331	367
331	368
331	388
331	389
331	391
332	88
332	101
332	119
332	126
332	127
332	130
332	131
332	136
332	139
332	182
332	184
332	185
332	188
332	197
332	200
332	206
332	208
332	216
332	238
332	245
332	315
332	316
332	318
332	326
332	330
332	332
332	344
332	345
332	347
332	349
332	350
332	353
332	354
332	366
332	372
332	377
332	384
332	387
332	390
332	392
333	89
333	97
333	100
333	116
333	118
333	125
333	126
333	128
333	130
333	140
333	181
333	182
333	186
333	188
333	198
333	199
333	200
333	207
333	208
333	209
333	215
333	244
333	246
333	247
333	249
333	315
333	326
333	330
333	344
333	345
333	348
333	351
333	353
333	366
333	367
333	373
333	376
333	384
333	386
333	393
334	87
334	88
334	96
334	98
334	99
334	115
334	117
334	125
334	130
334	141
334	188
334	199
334	201
334	206
334	245
334	248
334	249
334	260
334	315
334	329
334	348
334	350
334	351
334	352
334	353
334	355
334	361
334	365
334	368
334	374
334	376
334	377
334	384
334	385
334	386
335	86
335	87
335	89
335	95
335	100
335	114
335	117
335	125
335	130
335	131
335	142
335	143
335	144
335	187
335	198
335	199
335	201
335	205
335	207
335	242
335	244
335	250
335	260
335	314
335	329
335	347
335	353
335	354
335	355
335	356
335	357
335	361
335	364
335	375
335	383
335	387
336	89
336	94
336	111
336	116
336	130
336	132
336	133
336	141
336	144
336	186
336	196
336	198
336	201
336	205
336	208
336	241
336	242
336	243
336	244
336	250
336	260
336	262
336	263
336	315
336	327
336	328
336	330
336	331
336	332
336	348
336	353
336	356
336	357
336	359
336	360
336	363
336	373
336	374
336	382
336	384
336	388
336	389
336	390
336	393
337	87
337	88
337	90
337	94
337	112
337	115
337	130
337	184
337	185
337	197
337	200
337	205
337	207
337	236
337	239
337	240
337	241
337	245
337	251
337	255
337	256
337	257
337	258
337	259
337	260
337	261
337	314
337	316
337	317
337	318
337	327
337	332
337	348
337	354
337	358
337	363
337	364
337	369
337	370
337	371
337	372
337	374
337	377
337	380
337	381
337	390
337	391
337	392
338	86
338	88
338	95
338	113
338	115
338	129
338	131
338	183
338	196
338	199
338	200
338	206
338	208
338	235
338	236
338	238
338	242
338	246
338	248
338	250
338	252
338	253
338	254
338	262
338	265
338	316
338	332
338	334
338	335
338	348
338	349
338	355
338	359
338	361
338	363
338	368
338	370
338	372
338	377
338	381
338	390
338	391
338	394
338	396
339	83
339	84
339	85
339	86
339	87
339	114
339	126
339	127
339	129
339	182
339	190
339	194
339	195
339	199
339	201
339	207
339	237
339	238
339	246
339	249
339	254
339	255
339	262
339	263
339	264
339	265
339	315
339	317
339	319
339	333
339	339
339	349
339	355
339	356
339	360
339	362
339	367
339	371
339	375
339	376
339	377
339	378
339	379
339	380
339	381
339	382
339	392
339	394
339	395
339	396
339	397
339	400
340	112
340	113
340	128
340	130
340	183
340	191
340	192
340	193
340	201
340	207
340	234
340	235
340	236
340	237
340	247
340	249
340	253
340	256
340	263
340	264
340	266
340	314
340	318
340	319
340	333
340	335
340	336
340	338
340	340
340	341
340	354
340	360
340	363
340	366
340	367
340	372
340	373
340	375
340	379
340	383
340	393
340	396
340	400
340	401
340	402
341	109
341	111
341	113
341	129
341	131
341	132
341	194
341	202
341	207
341	209
341	237
341	253
341	257
341	267
341	313
341	314
341	319
341	320
341	321
341	332
341	334
341	337
341	354
341	359
341	361
341	363
341	365
341	374
341	379
341	380
341	384
341	393
341	397
341	400
341	402
341	403
342	110
342	113
342	129
342	132
342	133
342	194
342	201
342	208
342	210
342	233
342	237
342	252
342	254
342	256
342	257
342	313
342	315
342	335
342	337
342	360
342	364
342	393
342	398
342	399
342	404
342	405
343	109
343	110
343	111
343	113
343	123
343	128
343	134
343	135
343	195
343	206
343	208
343	211
343	234
343	235
343	236
343	252
343	256
343	309
343	311
343	312
343	314
343	335
343	359
343	365
343	366
343	375
343	399
343	400
344	107
344	108
344	124
344	125
344	126
344	127
344	128
344	193
344	195
344	207
344	236
344	251
344	310
344	315
344	336
344	358
344	360
344	365
344	367
344	369
344	375
344	400
345	98
345	105
345	107
345	124
345	126
345	127
345	129
345	194
345	207
345	235
345	237
345	238
345	249
345	251
345	315
345	336
345	343
345	358
345	361
345	363
345	364
345	368
345	374
345	376
345	400
346	98
346	99
346	100
346	106
346	107
346	124
346	127
346	128
346	194
346	207
346	232
346	233
346	234
346	237
346	250
346	252
346	253
346	315
346	336
346	337
346	338
346	339
346	341
346	342
346	344
346	359
346	364
346	369
346	375
347	89
347	90
347	97
347	101
347	106
347	108
347	109
347	125
347	128
347	193
347	195
347	206
347	207
347	229
347	233
347	238
347	249
347	251
347	256
347	257
347	258
347	314
347	316
347	337
347	340
347	365
347	368
347	370
347	371
347	372
347	374
347	375
348	91
348	93
348	100
348	101
348	102
348	105
348	106
348	109
348	119
348	123
348	124
348	125
348	129
348	189
348	190
348	192
348	193
348	205
348	206
348	226
348	228
348	230
348	231
348	232
348	233
348	250
348	252
348	255
348	257
348	313
348	317
348	319
348	337
348	340
348	365
348	366
348	371
348	373
348	376
348	377
349	92
349	93
349	99
349	101
349	103
349	106
349	120
349	121
349	122
349	123
349	129
349	130
349	191
349	192
349	207
349	227
349	230
349	233
349	234
349	249
349	253
349	254
349	257
349	313
349	317
349	318
349	323
349	337
349	341
349	344
349	345
349	346
349	347
349	348
349	366
349	371
349	377
349	378
349	388
350	94
350	95
350	103
350	104
350	105
350	107
350	119
350	121
350	130
350	131
350	188
350	191
350	193
350	226
350	232
350	234
350	249
350	254
350	255
350	307
350	308
350	313
350	319
350	320
350	321
350	324
350	337
350	342
350	343
350	345
350	366
350	372
350	378
350	379
350	387
351	96
351	102
351	107
351	114
351	116
351	117
351	118
351	121
351	128
351	129
351	132
351	134
351	141
351	189
351	190
351	191
351	194
351	224
351	225
351	231
351	248
351	253
351	308
351	309
351	311
351	312
351	318
351	322
351	323
351	337
351	338
351	342
351	363
351	365
351	371
351	372
351	374
351	379
351	386
351	387
351	389
352	95
352	103
352	104
352	115
352	117
352	121
352	127
352	130
352	133
352	134
352	135
352	141
352	188
352	191
352	194
352	195
352	231
352	247
352	252
352	253
352	307
352	310
352	313
352	319
352	322
352	338
352	339
352	364
352	373
352	379
352	380
352	384
352	385
352	387
352	388
353	94
353	96
353	99
353	102
353	120
353	122
353	128
353	129
353	132
353	134
353	136
353	137
353	141
353	182
353	183
353	185
353	186
353	187
353	196
353	230
353	232
353	233
353	244
353	246
353	252
353	253
353	309
353	311
353	319
353	323
353	337
353	340
353	363
353	372
353	374
353	380
353	381
353	383
353	389
353	390
354	92
354	93
354	95
354	99
354	100
354	101
354	103
354	119
354	122
354	128
354	132
354	136
354	137
354	141
354	142
354	175
354	180
354	184
354	185
354	196
354	197
354	199
354	227
354	228
354	230
354	240
354	241
354	243
354	245
354	247
354	254
354	260
354	306
354	307
354	308
354	318
354	320
354	323
354	325
354	336
354	338
354	345
354	371
354	382
354	389
354	390
354	391
355	90
355	92
355	96
355	98
355	101
355	117
355	118
355	122
355	127
355	129
355	130
355	131
355	136
355	138
355	139
355	140
355	173
355	176
355	181
355	182
355	183
355	194
355	195
355	198
355	227
355	229
355	241
355	242
355	243
355	247
355	253
355	254
355	256
355	257
355	260
355	261
355	306
355	320
355	324
355	325
355	335
355	336
355	338
355	343
355	344
355	381
355	383
355	384
356	89
356	91
356	95
356	96
356	97
356	99
356	116
356	119
356	129
356	135
356	138
356	174
356	175
356	176
356	179
356	182
356	183
356	194
356	196
356	198
356	229
356	240
356	243
356	246
356	253
356	255
356	258
356	259
356	305
356	320
356	321
356	323
356	324
356	334
356	337
356	339
356	340
356	342
356	345
356	381
357	94
357	98
357	115
357	119
357	137
357	139
357	177
357	178
357	179
357	180
357	181
357	184
357	187
357	193
357	198
357	228
357	229
357	239
357	241
357	252
357	255
357	259
357	303
357	304
357	318
357	319
357	323
357	337
357	341
357	381
358	94
358	99
358	115
358	120
358	136
358	137
358	178
358	183
358	184
358	185
358	186
358	194
358	199
358	239
358	241
358	255
358	256
358	259
358	305
358	315
358	316
358	317
358	319
358	324
358	337
358	341
358	344
358	346
358	348
358	380
358	381
358	382
359	96
359	98
359	100
359	119
359	138
359	177
359	184
359	193
359	198
359	240
359	254
359	260
359	261
359	305
359	319
359	320
359	324
359	325
359	336
359	337
359	342
359	343
359	345
359	347
359	379
359	383
359	384
360	97
360	118
360	120
360	176
360	184
360	192
360	240
360	253
360	254
360	255
360	318
360	321
360	324
360	325
360	336
360	342
360	344
360	348
360	379
360	384
360	385
361	92
361	97
361	98
361	117
361	119
361	182
361	183
361	184
361	185
361	236
361	237
361	239
361	249
361	255
361	256
361	258
361	317
361	320
361	321
361	325
361	336
361	343
361	378
361	383
361	386
361	387
362	88
362	91
362	95
362	96
362	117
362	119
362	120
362	183
362	186
362	233
362	234
362	236
362	238
362	250
362	251
362	252
362	254
362	257
362	312
362	314
362	316
362	321
362	322
362	335
362	337
362	342
362	385
362	387
363	89
363	91
363	96
363	111
363	116
363	118
363	121
363	122
363	125
363	179
363	183
363	235
363	238
363	248
363	249
363	252
363	253
363	257
363	258
363	259
363	313
363	315
363	323
363	333
363	334
363	337
363	341
363	385
363	388
364	90
364	91
364	92
364	93
364	95
364	111
364	112
364	113
364	115
364	118
364	123
364	124
364	126
364	180
364	182
364	183
364	235
364	247
364	256
364	257
364	260
364	268
364	315
364	333
364	337
364	342
364	347
364	387
364	388
364	389
365	89
365	91
365	94
365	96
365	114
365	117
365	119
365	123
365	174
365	179
365	180
365	181
365	234
365	246
365	256
365	261
365	262
365	267
365	314
365	316
365	335
365	336
365	341
365	343
365	346
365	347
365	390
366	84
366	85
366	87
366	89
366	91
366	93
366	96
366	116
366	117
366	118
366	123
366	124
366	174
366	175
366	177
366	178
366	182
366	243
366	244
366	245
366	246
366	257
366	262
366	267
366	314
366	334
366	343
366	345
366	390
367	86
367	87
367	88
367	92
367	97
367	116
367	118
367	125
367	126
367	173
367	176
367	183
367	242
367	258
367	263
367	266
367	314
367	315
367	334
367	344
367	390
368	92
368	97
368	116
368	118
368	119
368	124
368	177
368	183
368	243
368	256
368	257
368	263
368	264
368	265
368	313
368	315
368	335
368	344
368	346
368	391
369	92
369	93
369	117
369	125
369	177
369	181
369	182
369	250
369	255
369	258
369	264
369	266
369	312
369	314
369	315
369	335
369	343
369	345
369	391
370	86
370	91
370	93
370	117
370	126
370	176
370	180
370	182
370	251
370	254
370	255
370	256
370	259
370	264
370	278
370	310
370	311
370	313
370	335
370	343
370	345
370	361
370	391
370	392
371	87
371	88
371	90
371	94
371	116
371	118
371	119
371	127
371	178
371	179
371	181
371	182
371	252
371	253
371	255
371	258
371	264
371	265
371	275
371	277
371	310
371	312
371	314
371	334
371	335
371	343
371	346
371	347
371	348
371	360
371	390
371	399
372	86
372	89
372	93
372	115
372	118
372	119
372	128
372	178
372	182
372	183
372	253
372	257
372	258
372	264
372	268
372	271
372	274
372	276
372	277
372	278
372	279
372	309
372	311
372	314
372	316
372	333
372	336
372	341
372	342
372	348
372	350
372	351
372	359
372	360
372	389
372	391
372	398
373	85
373	92
373	94
373	95
373	114
373	116
373	128
373	178
373	183
373	184
373	185
373	188
373	251
373	252
373	258
373	264
373	266
373	267
373	270
373	272
373	273
373	275
373	313
373	315
373	332
373	336
373	343
373	348
373	349
373	352
373	357
373	358
373	363
373	367
373	389
373	392
373	395
373	398
374	88
374	91
374	92
374	95
374	112
374	113
374	116
374	117
374	127
374	129
374	130
374	185
374	186
374	187
374	250
374	257
374	265
374	268
374	269
374	271
374	273
374	312
374	314
374	330
374	331
374	343
374	344
374	348
374	349
374	350
374	356
374	359
374	363
374	368
374	388
374	393
374	395
374	397
374	399
375	89
375	90
375	91
375	95
375	96
375	111
375	114
375	118
375	127
375	246
375	247
375	249
375	255
375	256
375	265
375	268
375	269
375	274
375	275
375	314
375	330
375	332
375	333
375	347
375	348
375	351
375	352
375	355
375	356
375	359
375	363
375	364
375	367
375	368
375	371
375	372
375	388
375	394
375	396
375	398
376	88
376	91
376	94
376	95
376	96
376	114
376	119
376	126
376	127
376	128
376	248
376	255
376	262
376	264
376	269
376	315
376	329
376	330
376	333
376	348
376	349
376	352
376	353
376	354
376	357
376	360
376	362
376	365
376	366
376	368
376	369
376	370
376	387
376	389
376	395
377	90
377	93
377	96
377	115
377	119
377	126
377	128
377	130
377	247
377	253
377	255
377	261
377	263
377	265
377	316
377	318
377	331
377	333
377	350
377	351
377	361
377	393
377	394
377	396
378	84
378	90
378	95
378	96
378	97
378	115
378	116
378	128
378	129
378	246
378	254
378	258
378	259
378	261
378	264
378	317
378	331
378	349
378	352
378	362
378	395
379	85
379	89
379	96
379	114
379	128
379	130
379	253
379	255
379	258
379	260
379	263
379	317
379	332
379	341
379	346
379	348
379	352
379	353
379	362
379	363
379	395
380	86
380	88
380	95
380	96
380	97
380	115
380	127
380	252
380	255
380	256
380	260
380	264
380	317
380	342
380	344
380	345
380	347
380	362
380	364
381	82
381	87
381	88
381	93
381	94
381	97
381	98
381	128
381	129
381	245
381	250
381	251
381	261
381	342
381	343
381	344
381	348
381	365
381	366
381	367
381	373
381	376
382	83
382	84
382	85
382	86
382	92
382	94
382	95
382	99
382	244
382	246
382	250
382	251
382	260
382	261
382	340
382	341
382	344
382	348
382	349
382	364
382	366
382	367
382	370
382	371
382	372
382	374
382	375
383	82
383	87
383	90
383	91
383	93
383	100
383	101
383	245
383	247
383	248
383	249
383	252
383	259
383	262
383	268
383	348
383	350
383	365
383	368
383	369
384	81
384	88
384	91
384	93
384	94
384	100
384	102
384	245
384	252
384	258
384	262
384	267
384	268
384	349
384	351
384	365
384	370
384	379
385	82
385	91
385	92
385	94
385	100
385	244
385	252
385	257
385	262
385	263
385	266
385	350
385	352
385	353
385	370
385	373
385	374
385	378
386	90
386	242
386	243
386	245
386	251
386	253
386	264
386	265
386	266
386	349
386	353
386	354
386	355
386	369
386	371
386	372
386	374
386	375
386	376
386	377
387	90
387	250
387	260
387	264
387	267
387	268
387	271
387	272
387	346
387	348
387	352
387	355
387	356
387	368
387	371
388	87
388	90
388	91
388	246
388	248
388	249
388	260
388	262
388	263
388	266
388	267
388	270
388	347
388	351
388	354
388	355
388	369
388	371
389	71
389	72
389	81
389	83
389	88
389	89
389	90
389	92
389	246
389	248
389	261
389	265
389	267
389	269
389	270
389	346
389	351
389	354
389	368
390	71
390	72
390	74
390	82
390	86
390	87
390	90
390	93
390	244
390	246
390	247
390	249
390	257
390	258
390	260
390	263
390	264
390	268
390	269
390	270
390	275
390	345
390	346
390	351
390	354
390	368
390	370
391	71
391	73
391	74
391	75
391	76
391	77
391	83
391	84
391	85
391	89
391	94
391	245
391	246
391	258
391	259
391	264
391	269
391	270
391	274
391	275
391	344
391	346
391	350
391	352
391	355
391	368
391	369
391	371
392	73
392	76
392	78
392	82
392	89
392	242
392	246
392	264
392	268
392	271
392	273
392	276
392	344
392	355
392	356
392	368
392	370
392	372
393	75
393	79
393	81
393	82
393	89
393	90
393	242
393	245
393	247
393	262
393	263
393	264
393	272
393	273
393	280
393	343
393	354
393	357
393	367
393	372
393	377
394	76
394	80
394	83
394	89
394	220
394	229
394	241
394	242
394	243
394	244
394	247
394	248
394	261
394	265
394	273
394	274
394	275
394	281
394	282
394	284
394	285
394	286
394	353
394	357
394	366
394	368
394	369
394	373
394	374
394	377
395	79
395	88
395	221
395	222
395	226
395	229
395	237
395	238
395	239
395	240
395	241
395	242
395	243
395	262
395	273
395	277
395	281
395	282
395	283
395	285
395	286
395	352
395	354
395	358
395	367
395	370
395	371
395	374
395	375
395	376
395	377
395	378
395	380
396	80
396	88
396	89
396	219
396	220
396	221
396	222
396	224
396	225
396	229
396	240
396	244
396	260
396	263
396	274
396	275
396	276
396	281
396	286
396	351
396	353
396	354
396	358
396	366
396	367
396	371
396	375
396	376
396	379
397	78
397	79
397	90
397	223
397	225
397	226
397	230
397	231
397	238
397	240
397	241
397	261
397	262
397	264
397	273
397	277
397	279
397	280
397	282
397	351
397	358
397	368
397	371
397	376
398	78
398	80
398	89
398	223
398	226
398	227
398	229
398	230
398	231
398	234
398	236
398	237
398	239
398	241
398	261
398	274
398	278
398	281
398	350
398	351
398	357
398	367
398	370
399	81
399	228
399	232
399	234
399	235
399	236
399	238
399	260
399	262
399	274
399	281
399	283
399	351
399	365
399	366
399	367
399	370
400	80
400	82
400	83
400	228
400	232
400	233
400	237
400	238
400	256
400	259
400	262
400	273
400	274
400	281
400	282
400	351
400	360
400	362
400	363
400	364
400	365
400	370
401	79
401	80
401	83
401	227
401	231
401	238
401	257
401	259
401	263
401	264
401	274
401	275
401	276
401	277
401	282
401	283
401	352
401	361
401	365
401	370
402	81
402	226
402	231
402	238
402	258
402	263
402	273
402	276
402	283
402	289
402	361
402	365
402	371
403	80
403	225
403	238
403	259
403	264
403	276
403	278
403	279
403	289
403	360
403	365
403	370
404	217
404	224
404	239
404	259
404	275
404	277
404	280
404	284
404	288
404	359
404	365
404	371
405	214
405	216
405	217
405	218
405	221
405	223
405	258
405	259
405	260
405	274
405	276
405	281
405	283
405	285
405	287
405	289
405	290
405	358
405	366
405	372
406	215
406	218
406	219
406	220
406	222
406	248
406	254
406	256
406	258
406	259
406	261
406	271
406	272
406	273
406	276
406	282
406	286
406	288
406	371
406	372
406	376
407	215
407	217
407	221
407	249
407	253
407	255
407	257
407	260
407	261
407	272
407	276
407	285
407	370
407	373
407	374
407	375
407	376
408	216
408	217
408	222
408	250
408	254
408	262
408	273
408	277
408	371
408	373
408	374
408	376
408	377
408	378
408	382
409	215
409	221
409	248
409	251
409	252
409	253
409	263
409	274
409	275
409	278
409	280
409	281
409	375
409	377
409	378
409	380
409	381
409	383
410	220
410	249
410	250
410	253
410	264
410	274
410	279
410	282
410	376
410	378
410	379
410	384
411	219
411	251
411	253
411	254
411	265
411	280
411	283
411	284
411	375
411	380
412	219
412	246
412	251
412	254
412	266
412	280
412	281
412	283
412	285
412	293
412	379
412	380
413	216
413	217
413	218
413	220
413	246
413	251
413	253
413	255
413	267
413	269
413	270
413	281
413	282
413	292
414	212
414	216
414	217
414	221
414	223
414	245
414	247
414	248
414	250
414	251
414	266
414	268
414	269
414	278
414	280
414	281
414	282
414	290
414	291
415	213
415	215
415	222
415	249
415	251
415	264
415	265
415	268
415	269
415	270
415	279
415	280
415	283
415	290
416	213
416	214
416	221
416	250
416	265
416	266
416	267
416	279
416	283
416	288
416	290
417	212
417	221
417	248
417	249
417	265
417	279
417	284
417	285
417	287
417	289
417	291
417	293
418	220
418	245
418	246
418	247
418	264
418	268
418	269
418	278
418	286
418	292
419	220
419	238
419	239
419	244
419	247
419	248
419	263
419	265
419	267
419	286
419	293
420	238
420	240
420	242
420	243
420	249
420	261
420	262
420	266
420	286
420	290
420	293
420	305
420	306
420	307
420	308
421	236
421	238
421	241
421	243
421	260
421	262
421	267
421	268
421	286
421	287
421	289
421	290
421	294
421	295
421	296
421	304
422	237
422	240
422	241
422	242
422	261
422	262
422	269
422	287
422	288
422	290
422	294
422	296
422	298
422	299
422	300
422	301
422	302
422	303
423	240
423	242
423	263
423	264
423	286
423	287
423	295
423	296
423	297
423	299
423	302
424	240
424	243
424	264
424	285
424	288
424	294
424	297
424	303
425	239
425	260
425	262
425	263
425	266
425	267
425	284
425	286
425	289
425	296
426	238
426	261
426	264
426	266
426	284
426	285
426	287
426	289
426	295
426	297
427	238
427	262
427	265
427	266
427	283
427	290
427	297
428	237
428	239
428	260
428	261
428	263
428	265
428	267
428	289
428	298
429	238
429	240
429	264
429	266
429	267
429	299
429	300
430	264
430	268
430	269
430	271
431	263
431	265
431	270
432	262
432	264
433	258
433	259
433	261
433	264
434	258
434	260
434	264
434	265
435	255
435	257
435	260
435	265
436	254
436	256
436	258
436	263
436	264
437	258
437	264
438	258
438	264
439	254
439	255
439	256
439	257
439	265
440	253
440	256
440	258
440	263
440	265
440	266
440	267
441	252
441	258
441	259
441	264
441	266
441	268
441	271
442	257
442	265
442	268
442	270
443	254
443	256
443	264
443	267
443	269
443	271
443	280
443	283
443	286
444	255
444	256
444	263
444	264
444	269
444	272
444	273
444	280
444	281
444	282
444	284
444	285
444	286
445	249
445	256
445	261
445	262
445	264
445	265
445	269
445	271
445	274
445	276
445	279
445	282
446	249
446	257
446	260
446	264
446	269
446	273
446	275
446	277
446	278
446	299
447	245
447	246
447	247
447	248
447	249
447	250
447	256
447	263
447	264
447	274
447	275
447	278
447	298
447	300
448	248
448	251
448	252
448	255
448	265
448	271
448	272
448	273
448	276
448	278
448	297
449	248
449	253
449	254
449	256
449	266
449	273
449	279
449	296
449	298
450	255
450	256
450	257
450	265
450	266
450	267
450	272
450	274
450	278
450	280
450	296
451	252
451	254
451	255
451	274
451	278
451	280
451	289
451	295
451	297
452	250
452	252
452	253
452	274
452	281
452	286
452	287
452	288
452	297
453	251
453	254
453	274
453	276
453	281
453	282
453	283
453	285
453	289
453	293
453	296
453	298
453	299
454	249
454	250
454	251
454	273
454	274
454	275
454	284
454	290
454	294
454	295
454	297
454	299
454	300
454	301
454	302
455	246
455	248
455	249
455	273
455	283
455	291
455	293
455	295
455	300
455	303
456	247
456	249
456	272
456	273
456	283
456	284
456	292
456	301
456	304
457	245
457	246
457	250
457	271
457	273
457	282
457	284
457	286
457	287
458	242
458	243
458	244
458	245
458	247
458	248
458	251
458	270
458	273
458	281
458	282
458	285
458	293
458	294
459	246
459	269
459	271
459	282
459	286
459	288
459	290
459	291
459	292
459	295
460	268
460	271
460	281
460	285
460	287
460	289
460	296
460	297
460	298
461	267
461	283
461	284
461	289
461	296
461	297
462	267
462	282
462	286
462	287
462	288
462	290
462	294
462	295
462	298
462	299
463	266
463	281
463	286
463	290
463	293
464	276
464	277
464	285
464	287
464	289
464	291
464	292
464	293
465	278
465	281
465	283
465	284
465	288
465	291
465	293
466	279
466	282
466	285
466	290
466	294
466	295
466	296
467	280
467	281
467	290
467	295
468	278
468	279
468	280
468	282
468	289
468	291
468	294
469	283
469	288
469	295
470	282
470	287
470	295
471	287
471	288
471	296
471	298
472	289
472	295
472	297
472	299
473	286
473	290
473	300
473	301
474	285
474	287
474	289
474	300
474	301
474	302
475	286
475	288
475	300
475	302
476	286
476	289
476	299
476	302
477	289
477	299
477	300
478	288
478	289
478	290
478	291
478	292
478	298
478	299
479	287
479	297
479	299
480	288
481	289
