0,0.0204082,0.0408163,0.0612245,0.0816327,0.102041,0.122449,0.142857,0.163265,0.183673,0.204082,0.22449,0.244898,0.265306,0.285714,0.306122,0.326531,0.346939,0.367347,0.387755,0.408163,0.428571,0.44898,0.469388,0.489796,0.510204,0.530612,0.55102,0.571428,0.591837,0.612245,0.632653,0.653061,0.673469,0.693877,0.714286,0.734694,0.755102,0.77551,0.795918,0.816326,0.836734,0.857143,0.877551,0.897959,0.918367,0.938775,0.959183,0.979592,1,
0,0.0195757,0.038528,0.056753,0.0741991,0.0908402,0.106663,0.121662,0.135833,0.149175,0.161687,0.173368,0.184218,0.194238,0.203427,0.211785,0.219312,0.226008,0.231873,0.236907,0.241111,0.244483,0.247025,0.248736,0.249616,0.249664,0.248882,0.24727,0.244826,0.241551,0.237446,0.232509,0.226742,0.220143,0.212714,0.204454,0.195363,0.185441,0.174688,0.163104,0.15069,0.137444,0.123368,0.10846,0.0927222,0.0761531,0.058753,0.040522,0.02146,0,
0,0.0192645,0.0380109,0.0561097,0.0734832,0.0900863,0.105893,0.120888,0.135065,0.148418,0.160945,0.172644,0.183516,0.193559,0.202774,0.21116,0.218717,0.225445,0.231345,0.236416,0.240658,0.244071,0.246655,0.248411,0.249337,0.249435,0.248704,0.247144,0.244756,0.241538,0.237492,0.232617,0.226913,0.22038,0.213019,0.204828,0.195809,0.185961,0.175284,0.163779,0.151444,0.138281,0.124289,0.109468,0.0938178,0.0773392,0.0600318,0.0418955,0.0221467,0,
0,0.0190059,0.0375599,0.0555262,0.0728146,0.0893667,0.105146,0.120131,0.134308,0.147668,0.160209,0.171925,0.182817,0.192884,0.202124,0.210537,0.218125,0.224885,0.230819,0.235926,0.240207,0.24366,0.246287,0.248088,0.249061,0.249208,0.248528,0.247021,0.244688,0.241528,0.237541,0.232727,0.227086,0.220619,0.213325,0.205205,0.196257,0.186483,0.175882,0.164455,0.1522,0.139119,0.125211,0.110477,0.0949155,0.0785275,0.0613126,0.0428792,0.0226386,0,
0,0.0187805,0.0371554,0.0549897,0.0721866,0.0886795,0.104424,0.119391,0.133563,0.146928,0.159479,0.171211,0.182122,0.192211,0.201476,0.209918,0.217535,0.224327,0.230295,0.235439,0.239758,0.243252,0.245922,0.247767,0.248787,0.248983,0.248354,0.2469,0.244622,0.241519,0.237591,0.232839,0.227262,0.22086,0.213634,0.205583,0.196708,0.187007,0.176482,0.165133,0.152959,0.13996,0.126136,0.111488,0.0960153,0.0797178,0.0623997,0.0436687,0.0230334,0,
0,0.0185782,0.0367861,0.054491,0.0715936,0.0880218,0.103725,0.11867,0.132832,0.146198,0.158756,0.170502,0.181432,0.191542,0.200832,0.2093,0.216947,0.223772,0.229774,0.234954,0.239311,0.242846,0.245558,0.247448,0.248515,0.24876,0.248182,0.246781,0.244558,0.241512,0.237644,0.232953,0.22744,0.221104,0.213945,0.205964,0.19716,0.187534,0.177085,0.165813,0.153719,0.140803,0.127063,0.112502,0.0971171,0.0808122,0.0633416,0.044337,0.0233675,0,
0,0.0183935,0.0364443,0.0540236,0.071031,0.0873912,0.103049,0.117966,0.132115,0.145478,0.158042,0.1698,0.180746,0.190877,0.20019,0.208686,0.216362,0.223218,0.229255,0.234471,0.238866,0.242442,0.245197,0.247131,0.248245,0.248539,0.248012,0.246664,0.244496,0.241508,0.237699,0.233069,0.227619,0.221349,0.214258,0.206346,0.197615,0.188062,0.177689,0.166496,0.154482,0.141647,0.127992,0.113517,0.0981721,0.0818107,0.064175,0.0449208,0.0236594,0,
0,0.0182227,0.0361252,0.0535828,0.0704953,0.0867853,0.102394,0.11728,0.131412,0.144769,0.157337,0.169104,0.180065,0.190216,0.199553,0.208074,0.21578,0.222667,0.228738,0.23399,0.238424,0.24204,0.244837,0.246817,0.247977,0.24832,0.247844,0.246549,0.244437,0.241505,0.237756,0.233188,0.227801,0.221596,0.214573,0.206731,0.198071,0.188593,0.178296,0.16718,0.155246,0.142494,0.128924,0.11451,0.0991678,0.0827252,0.0649242,0.0454414,0.0239197,0,
0,0.0180631,0.0358251,0.0531649,0.0699834,0.086202,0.10176,0.116612,0.130724,0.144072,0.15664,0.168416,0.179391,0.18956,0.198919,0.207466,0.2152,0.222119,0.228223,0.233511,0.237984,0.24164,0.24448,0.246504,0.247712,0.248103,0.247678,0.246437,0.244379,0.241505,0.237815,0.233308,0.227985,0.221846,0.21489,0.207118,0.19853,0.189125,0.178904,0.167867,0.156013,0.143343,0.129845,0.115468,0.100104,0.0835681,0.0656059,0.0459123,0.0241552,0,
0,0.0179131,0.0355411,0.0527669,0.0694928,0.0856393,0.101144,0.11596,0.130049,0.143387,0.155953,0.167735,0.178722,0.188909,0.19829,0.206862,0.214624,0.221574,0.227711,0.233035,0.237546,0.241243,0.244125,0.246194,0.247448,0.247888,0.247514,0.246326,0.244323,0.241507,0.237876,0.23343,0.228171,0.222097,0.215209,0.207507,0.19899,0.18966,0.179515,0.168555,0.156782,0.144188,0.130746,0.116387,0.100985,0.0843494,0.066232,0.0463432,0.0243706,0,
0,0.017771,0.0352711,0.0523866,0.0690213,0.0850958,0.100546,0.115323,0.129388,0.142713,0.155276,0.167062,0.17806,0.188263,0.197664,0.206261,0.214051,0.221031,0.227202,0.232562,0.23711,0.240847,0.243772,0.245886,0.247187,0.247676,0.247353,0.246217,0.24427,0.241511,0.237939,0.233555,0.228359,0.222351,0.21553,0.207898,0.199453,0.190196,0.180127,0.169246,0.15755,0.145023,0.131623,0.117266,0.101815,0.0850775,0.0668115,0.0467406,0.0245693,0,
0,0.0176361,0.0350134,0.052022,0.0685672,0.0845698,0.0999653,0.114702,0.128741,0.142051,0.154608,0.166397,0.177405,0.187623,0.197044,0.205664,0.213481,0.220492,0.226696,0.232091,0.236677,0.240454,0.243422,0.245579,0.246927,0.247465,0.247193,0.246111,0.244219,0.241516,0.238004,0.233682,0.228549,0.222607,0.215854,0.208291,0.199918,0.190735,0.180742,0.169937,0.158313,0.145843,0.132473,0.118106,0.102599,0.0857592,0.0673511,0.0471098,0.0247539,0,
0,0.0175072,0.0347667,0.0516717,0.0681291,0.0840602,0.0994,0.114096,0.128107,0.1414,0.153951,0.165741,0.176757,0.186988,0.196428,0.205072,0.212915,0.219956,0.226192,0.231622,0.236246,0.240064,0.243073,0.245276,0.24667,0.247257,0.247036,0.246007,0.24417,0.241525,0.238071,0.23381,0.228741,0.222864,0.216179,0.208686,0.200385,0.191276,0.181358,0.170627,0.159067,0.146645,0.133293,0.118909,0.103341,0.0864001,0.0678561,0.0474545,0.0249263,0,
0,0.0173839,0.0345298,0.0513341,0.0677055,0.0835658,0.0988496,0.113504,0.127485,0.14076,0.153302,0.165093,0.176115,0.18636,0.195818,0.204484,0.212353,0.219423,0.225691,0.231157,0.235818,0.239675,0.242727,0.244974,0.246415,0.247051,0.24688,0.245904,0.244122,0.241535,0.238141,0.233941,0.228936,0.223124,0.216507,0.209083,0.200854,0.191819,0.181974,0.171312,0.159811,0.147427,0.134086,0.119676,0.104045,0.0870046,0.0683307,0.0477781,0.025088,0,
0,0.0172654,0.0343019,0.0510084,0.0672954,0.0830855,0.0983133,0.112925,0.126876,0.140131,0.152664,0.164453,0.175481,0.185737,0.195212,0.2039,0.211794,0.218893,0.225194,0.230694,0.235393,0.23929,0.242384,0.244675,0.246163,0.246847,0.246727,0.245804,0.244077,0.241547,0.238212,0.234074,0.229132,0.223386,0.216836,0.209483,0.201325,0.192362,0.182589,0.171991,0.160542,0.148189,0.13485,0.12041,0.104715,0.0875766,0.0687785,0.0480828,0.0252404,0,
0,0.0171515,0.034082,0.0506934,0.0668978,0.0826186,0.0977903,0.112358,0.126278,0.139513,0.152035,0.163821,0.174854,0.185121,0.194613,0.203321,0.21124,0.218367,0.224699,0.230234,0.23497,0.238906,0.242042,0.244378,0.245912,0.246645,0.246576,0.245706,0.244035,0.241561,0.238286,0.234209,0.22933,0.22365,0.217168,0.209884,0.201798,0.192906,0.1832,0.172662,0.161258,0.148929,0.135588,0.121113,0.105352,0.0881193,0.0692022,0.0483709,0.0253844,0,
0,0.0170415,0.0338695,0.0503883,0.0665118,0.0821641,0.09728,0.111805,0.125692,0.138906,0.151415,0.163198,0.174234,0.184511,0.194018,0.202746,0.21069,0.217845,0.224208,0.229777,0.23455,0.238526,0.241703,0.244083,0.245664,0.246445,0.246428,0.24561,0.243994,0.241578,0.238362,0.234346,0.229531,0.223916,0.217502,0.210287,0.202271,0.193448,0.183807,0.173324,0.161959,0.149648,0.136299,0.121788,0.105961,0.0886354,0.0696043,0.0486439,0.025521,0,
0,0.0169353,0.0336639,0.0500925,0.0661366,0.0817213,0.0967817,0.111262,0.125117,0.138309,0.150805,0.162583,0.173622,0.183908,0.193429,0.202177,0.210144,0.217326,0.22372,0.229323,0.234132,0.238147,0.241367,0.243791,0.245418,0.246248,0.246281,0.245517,0.243955,0.241596,0.238439,0.234485,0.229734,0.224184,0.217837,0.210692,0.202744,0.193988,0.184407,0.173975,0.162644,0.150346,0.136985,0.122435,0.106543,0.0891274,0.0699868,0.0489035,0.0256507,0,
0,0.0168325,0.0334646,0.0498053,0.0657716,0.0812897,0.0962948,0.110732,0.124553,0.137721,0.150204,0.161976,0.173017,0.183311,0.192846,0.201612,0.209602,0.216812,0.223236,0.228872,0.233718,0.237772,0.241033,0.243501,0.245174,0.246053,0.246137,0.245425,0.243919,0.241617,0.238519,0.234627,0.229938,0.224455,0.218175,0.211097,0.203217,0.194524,0.185001,0.174614,0.163313,0.151024,0.137647,0.123057,0.1071,0.0895972,0.0703515,0.0491507,0.0257743,0,
0,0.0167328,0.0332711,0.0495261,0.0654162,0.0808685,0.0958188,0.110212,0.124,0.137144,0.149612,0.161377,0.172419,0.18272,0.192268,0.201052,0.209065,0.216301,0.222755,0.228424,0.233306,0.237399,0.240702,0.243213,0.244933,0.24586,0.245994,0.245336,0.243884,0.241639,0.238601,0.23477,0.230145,0.224727,0.218513,0.211503,0.203688,0.195057,0.185587,0.175241,0.163965,0.151681,0.138287,0.123656,0.107634,0.0900465,0.0706998,0.0493866,0.0258923,0,
0,0.0166361,0.0330832,0.0492544,0.0650697,0.0804573,0.0953531,0.109702,0.123456,0.136576,0.149029,0.160787,0.171829,0.182136,0.191696,0.200498,0.208533,0.215794,0.222278,0.22798,0.232898,0.237029,0.240373,0.242928,0.244694,0.245669,0.245854,0.245249,0.243852,0.241664,0.238686,0.234916,0.230354,0.225,0.218853,0.211908,0.204157,0.195584,0.186164,0.175856,0.164601,0.152319,0.138905,0.124232,0.108147,0.090477,0.071033,0.0496122,0.0260051,0,
0,0.0165421,0.0329003,0.0489897,0.0647318,0.0800555,0.0948974,0.109202,0.122923,0.136018,0.148455,0.160205,0.171245,0.181559,0.19113,0.199949,0.208005,0.215292,0.221804,0.227539,0.232492,0.236662,0.240047,0.242646,0.244457,0.245481,0.245717,0.245164,0.243822,0.241691,0.238772,0.235063,0.230565,0.225276,0.219193,0.212313,0.204623,0.196106,0.186733,0.176458,0.165221,0.152938,0.139503,0.124787,0.10864,0.0908901,0.0713523,0.0498283,0.0261131,0,
0,0.0164507,0.0327223,0.0487317,0.0644019,0.0796627,0.0944513,0.108712,0.122399,0.135469,0.147889,0.15963,0.170669,0.180988,0.19057,0.199405,0.207481,0.214793,0.221335,0.227101,0.23209,0.236298,0.239724,0.242366,0.244223,0.245295,0.245581,0.245081,0.243794,0.241721,0.23886,0.235213,0.230777,0.225552,0.219534,0.212716,0.205085,0.196621,0.187291,0.177048,0.165826,0.153539,0.140081,0.125323,0.109114,0.0912869,0.0716587,0.0500355,0.0262167,0,
0,0.0163617,0.0325488,0.04848,0.0640797,0.0792785,0.0940142,0.108232,0.121884,0.134928,0.147331,0.159063,0.1701,0.180423,0.190016,0.198866,0.206963,0.214299,0.220869,0.226667,0.231691,0.235937,0.239403,0.242088,0.243992,0.245112,0.245448,0.245001,0.243769,0.241752,0.238951,0.235364,0.230991,0.225829,0.219874,0.213117,0.205544,0.19713,0.18784,0.177625,0.166414,0.154123,0.140641,0.125839,0.109571,0.0916685,0.0719531,0.0502345,0.0263163,0,
0,0.0162749,0.0323796,0.0482343,0.0637647,0.0789025,0.0935859,0.10776,0.121378,0.134397,0.146782,0.158504,0.169539,0.179865,0.189467,0.198332,0.206449,0.213809,0.220407,0.226237,0.231295,0.235578,0.239085,0.241814,0.243762,0.244931,0.245317,0.244922,0.243745,0.241786,0.239043,0.235517,0.231206,0.226107,0.220213,0.213516,0.205997,0.197631,0.188379,0.178188,0.166988,0.154689,0.141182,0.126339,0.110011,0.0920359,0.0722364,0.0504259,0.0264119,0,
0,0.0161903,0.0322144,0.0479942,0.0634567,0.0785343,0.093166,0.107297,0.12088,0.133873,0.146241,0.157953,0.168984,0.179314,0.188925,0.197804,0.20594,0.213324,0.219949,0.22581,0.230902,0.235223,0.23877,0.241542,0.243536,0.244752,0.245189,0.244846,0.243724,0.241821,0.239137,0.235672,0.231422,0.226385,0.220552,0.213912,0.206446,0.198125,0.188908,0.17874,0.167547,0.155239,0.141707,0.126821,0.110436,0.09239,0.0725091,0.0506101,0.026504,0,
0,0.0161077,0.0320531,0.0477596,0.0631553,0.0781736,0.0927542,0.106843,0.120391,0.133358,0.145707,0.157409,0.168436,0.178768,0.188388,0.197281,0.205436,0.212843,0.219495,0.225386,0.230513,0.234871,0.238458,0.241272,0.243312,0.244576,0.245063,0.244773,0.243705,0.241859,0.239234,0.235828,0.231639,0.226662,0.220889,0.214305,0.20689,0.198611,0.189427,0.179279,0.168092,0.155774,0.142216,0.127288,0.110847,0.0927316,0.072772,0.0507876,0.0265928,0,
0,0.0160271,0.0318954,0.04753,0.0628602,0.0778202,0.0923502,0.106396,0.11991,0.132851,0.145182,0.156872,0.167895,0.17823,0.187857,0.196764,0.204936,0.212366,0.219045,0.224967,0.230127,0.234522,0.238149,0.241006,0.24309,0.244402,0.244939,0.244701,0.243688,0.241899,0.239332,0.235986,0.231857,0.226939,0.221224,0.214694,0.207327,0.199089,0.189935,0.179805,0.168622,0.156294,0.142709,0.12774,0.111243,0.0930615,0.0730257,0.0509588,0.0266784,0,
0,0.0159482,0.0317412,0.0473054,0.0625711,0.0774736,0.0919537,0.105958,0.119438,0.132352,0.144664,0.156343,0.167361,0.177697,0.187332,0.196251,0.204442,0.211894,0.218599,0.224551,0.229745,0.234176,0.237843,0.240742,0.242872,0.244231,0.244818,0.244632,0.243673,0.24194,0.239431,0.236144,0.232075,0.227216,0.221557,0.215079,0.207759,0.19956,0.190434,0.18032,0.169139,0.156799,0.143187,0.128178,0.111627,0.0933802,0.0732706,0.0511241,0.026761,0,
0,0.0158711,0.0315903,0.0470854,0.0622878,0.0771338,0.0915644,0.105527,0.118973,0.13186,0.144154,0.15582,0.166834,0.177171,0.186813,0.195745,0.203952,0.211426,0.218157,0.224139,0.229366,0.233834,0.23754,0.240481,0.242656,0.244062,0.244699,0.244566,0.243661,0.241984,0.239532,0.236304,0.232293,0.227491,0.221887,0.21546,0.208184,0.200022,0.190922,0.180822,0.169643,0.15729,0.143652,0.128602,0.111998,0.0936883,0.0735074,0.0512838,0.0268409,0,
0,0.0157957,0.0314426,0.0468699,0.0620102,0.0768003,0.0911821,0.105103,0.118515,0.131376,0.14365,0.155305,0.166313,0.176651,0.1863,0.195243,0.203468,0.210963,0.217719,0.22373,0.22899,0.233495,0.23724,0.240223,0.242442,0.243896,0.244582,0.244501,0.24365,0.242029,0.239635,0.236464,0.23251,0.227765,0.222215,0.215837,0.208604,0.200475,0.1914,0.181313,0.170134,0.157768,0.144103,0.129013,0.112358,0.0939865,0.0737363,0.0514381,0.0269181,0,
0,0.0157218,0.031298,0.0466587,0.0617378,0.076473,0.0908066,0.104686,0.118065,0.1309,0.143154,0.154797,0.165799,0.176137,0.185792,0.194747,0.202988,0.210504,0.217286,0.223326,0.228618,0.233158,0.236943,0.239968,0.242231,0.243732,0.244468,0.244439,0.243642,0.242076,0.239738,0.236624,0.232728,0.228038,0.222539,0.216209,0.209016,0.200921,0.191868,0.181793,0.170613,0.158233,0.144541,0.129412,0.112707,0.0942752,0.0739578,0.0515875,0.0269928,0,
0,0.0156495,0.0311562,0.0464517,0.0614707,0.0761517,0.0904377,0.104277,0.117621,0.13043,0.142665,0.154295,0.165291,0.17563,0.18529,0.194256,0.202513,0.21005,0.216857,0.222925,0.22825,0.232826,0.236649,0.239715,0.242024,0.243571,0.244357,0.244379,0.243635,0.242124,0.239843,0.236785,0.232945,0.228308,0.22286,0.216576,0.209423,0.201358,0.192327,0.182261,0.17108,0.158685,0.144966,0.129799,0.113044,0.0945549,0.0741724,0.0517321,0.0270651,0,
0,0.0155786,0.0310172,0.0462486,0.0612085,0.0758361,0.0900751,0.103874,0.117185,0.129967,0.142183,0.1538,0.16479,0.175128,0.184794,0.193771,0.202044,0.209601,0.216432,0.222529,0.227885,0.232496,0.236358,0.239466,0.241818,0.243413,0.244248,0.244321,0.243631,0.242174,0.239948,0.236946,0.23316,0.228577,0.223178,0.216938,0.209822,0.201787,0.192776,0.182719,0.171535,0.159125,0.14538,0.130174,0.113372,0.0948261,0.0743803,0.0518722,0.0271351,0,
0,0.0155091,0.030881,0.0460494,0.0609511,0.0755261,0.0897187,0.103477,0.116756,0.129512,0.141708,0.153312,0.164295,0.174632,0.184304,0.193291,0.201579,0.209156,0.216011,0.222136,0.227524,0.232171,0.23607,0.23922,0.241616,0.243257,0.244141,0.244265,0.243628,0.242226,0.240054,0.237107,0.233375,0.228843,0.223492,0.217295,0.210215,0.202208,0.193215,0.183166,0.171978,0.159554,0.145782,0.130539,0.11369,0.095089,0.0745818,0.052008,0.027203,0,
0,0.015441,0.0307473,0.0458539,0.0606983,0.0752215,0.0893682,0.103087,0.116333,0.129063,0.141239,0.15283,0.163806,0.174143,0.183819,0.192816,0.201119,0.208715,0.215594,0.221747,0.227167,0.231848,0.235786,0.238976,0.241416,0.243104,0.244036,0.244211,0.243626,0.242278,0.240161,0.237268,0.233589,0.229107,0.223803,0.217646,0.210602,0.202621,0.193645,0.183603,0.172411,0.159971,0.146173,0.130894,0.113999,0.0953442,0.0747773,0.0521397,0.0272689,0,
0,0.0153742,0.0306161,0.0456619,0.06045,0.0749221,0.0890235,0.102704,0.115916,0.12862,0.140777,0.152355,0.163324,0.173659,0.18334,0.192346,0.200664,0.20828,0.215182,0.221362,0.226813,0.231529,0.235504,0.238736,0.241219,0.242953,0.243934,0.24416,0.243627,0.242332,0.240268,0.237429,0.233801,0.229368,0.224109,0.217993,0.210981,0.203026,0.194066,0.18403,0.172833,0.160378,0.146554,0.131239,0.114299,0.0955919,0.074967,0.0522675,0.0273327,0,
0,0.0153086,0.0304873,0.0454734,0.0602061,0.0746278,0.0886845,0.102326,0.115506,0.128184,0.140321,0.151885,0.162847,0.173181,0.182866,0.191882,0.200214,0.207848,0.214774,0.220981,0.226463,0.231213,0.235226,0.238498,0.241025,0.242805,0.243834,0.24411,0.243629,0.242386,0.240376,0.237588,0.234011,0.229627,0.224411,0.218334,0.211354,0.203422,0.194478,0.184447,0.173245,0.160774,0.146925,0.131574,0.11459,0.0958325,0.0751512,0.0523915,0.0273948,0,
0,0.0152442,0.0303608,0.0452881,0.0599663,0.0743384,0.0883509,0.101954,0.115102,0.127754,0.139872,0.151422,0.162377,0.172709,0.182398,0.191423,0.199769,0.207422,0.21437,0.220605,0.226117,0.230901,0.234952,0.238264,0.240834,0.242659,0.243736,0.244062,0.243632,0.242442,0.240483,0.237747,0.23422,0.229882,0.22471,0.218669,0.21172,0.203811,0.194881,0.184855,0.173647,0.161161,0.147285,0.1319,0.114874,0.0960663,0.0753301,0.052512,0.027455,0,
0,0.0151809,0.0302366,0.0451061,0.0597306,0.0740538,0.0880227,0.101588,0.114704,0.12733,0.139428,0.150966,0.161912,0.172243,0.181935,0.190969,0.199329,0.207,0.213971,0.220232,0.225775,0.230593,0.23468,0.238032,0.240646,0.242516,0.243641,0.244016,0.243637,0.242498,0.240591,0.237906,0.234427,0.230135,0.225004,0.219,0.21208,0.204193,0.195275,0.185253,0.174039,0.161537,0.147637,0.132217,0.115149,0.0962935,0.0755039,0.052629,0.0275135,0,
0,0.0151188,0.0301146,0.0449273,0.0594988,0.0737738,0.0876996,0.101227,0.114312,0.126912,0.138991,0.150515,0.161454,0.171782,0.181478,0.19052,0.198893,0.206582,0.213576,0.219863,0.225436,0.230288,0.234412,0.237804,0.24046,0.242376,0.243547,0.243971,0.243643,0.242554,0.240698,0.238063,0.234632,0.230384,0.225294,0.219324,0.212433,0.204566,0.195661,0.185642,0.174422,0.161904,0.147979,0.132526,0.115417,0.0965145,0.0756729,0.0527428,0.0275704,0,
0,0.0150578,0.0299946,0.0447514,0.0592709,0.0734983,0.0873816,0.100872,0.113926,0.1265,0.13856,0.15007,0.161001,0.171327,0.181026,0.190077,0.198463,0.20617,0.213185,0.219498,0.225101,0.229986,0.234147,0.237579,0.240277,0.242237,0.243456,0.243929,0.24365,0.242612,0.240806,0.238219,0.234834,0.230631,0.225579,0.219643,0.212779,0.204933,0.196039,0.186022,0.174796,0.162262,0.148312,0.132827,0.115678,0.0967294,0.0758372,0.0528534,0.0276257,0,
0,0.0149978,0.0298767,0.0445785,0.0590467,0.0732271,0.0870685,0.100523,0.113545,0.126094,0.138134,0.14963,0.160554,0.170878,0.180579,0.189638,0.198037,0.205761,0.212798,0.219138,0.22477,0.229688,0.233885,0.237356,0.240097,0.242102,0.243367,0.243888,0.243658,0.242669,0.240912,0.238374,0.235035,0.230874,0.22586,0.219957,0.213119,0.205291,0.196408,0.186393,0.17516,0.162611,0.148637,0.13312,0.115932,0.0969385,0.0759971,0.0529609,0.0276795,0,
0,0.0149389,0.0297608,0.0444084,0.0588261,0.0729603,0.0867601,0.100178,0.113169,0.125694,0.137714,0.149197,0.160112,0.170434,0.180138,0.189205,0.197616,0.205358,0.212416,0.218781,0.224443,0.229393,0.233627,0.237137,0.239919,0.241968,0.24328,0.243848,0.243667,0.242727,0.241019,0.238527,0.235233,0.231113,0.226137,0.220266,0.213453,0.205643,0.19677,0.186756,0.175516,0.162951,0.148954,0.133405,0.116179,0.097142,0.0761526,0.0530656,0.0277318,0,
0,0.0148809,0.0296467,0.0442411,0.058609,0.0726976,0.0864565,0.0998385,0.112799,0.125299,0.1373,0.148769,0.159676,0.169995,0.179702,0.188776,0.1972,0.204959,0.212038,0.218428,0.224119,0.229102,0.233372,0.236921,0.239744,0.241837,0.243194,0.24381,0.243677,0.242785,0.241124,0.238679,0.235429,0.23135,0.226409,0.220569,0.21378,0.205987,0.197123,0.187111,0.175864,0.163284,0.149262,0.133683,0.11642,0.0973401,0.076304,0.0531675,0.0277827,0,
0,0.0148239,0.0295346,0.0440765,0.0583954,0.0724389,0.0861574,0.099504,0.112435,0.12491,0.136891,0.148347,0.159246,0.169562,0.179271,0.188353,0.196789,0.204564,0.211665,0.21808,0.223799,0.228815,0.23312,0.236707,0.239572,0.241708,0.243111,0.243773,0.243687,0.242843,0.24123,0.238829,0.235622,0.231583,0.226677,0.220866,0.214101,0.206325,0.197469,0.187458,0.176204,0.163608,0.149563,0.133954,0.116654,0.0975331,0.0764514,0.0532666,0.0278323,0,
0,0.0147678,0.0294242,0.0439145,0.058185,0.0721842,0.0858628,0.0991743,0.112075,0.124525,0.136488,0.14793,0.158821,0.169134,0.178845,0.187934,0.196382,0.204174,0.211295,0.217735,0.223483,0.228531,0.232871,0.236497,0.239402,0.241582,0.243029,0.243738,0.243699,0.242902,0.241334,0.238978,0.235813,0.231812,0.226941,0.221158,0.214416,0.206655,0.197808,0.187797,0.176535,0.163924,0.149857,0.134218,0.116883,0.097721,0.076595,0.0533632,0.0278806,0,
0,0.0147126,0.0293156,0.043755,0.057978,0.0719334,0.0855726,0.0988494,0.111721,0.124147,0.13609,0.147519,0.158401,0.168711,0.178425,0.187521,0.19598,0.203788,0.21093,0.217395,0.223171,0.22825,0.232625,0.236289,0.239235,0.241458,0.242949,0.243703,0.243711,0.24296,0.241437,0.239125,0.236002,0.232038,0.2272,0.221445,0.214725,0.206979,0.19814,0.188129,0.176859,0.164233,0.150143,0.134475,0.117106,0.0979042,0.0767349,0.0534573,0.0279276,0,
0,0.0146583,0.0292088,0.043598,0.0577741,0.0716863,0.0852866,0.0985292,0.111371,0.123773,0.135698,0.147112,0.157987,0.168294,0.178009,0.187112,0.195583,0.203407,0.21057,0.217058,0.222862,0.227973,0.232383,0.236085,0.239071,0.241335,0.242871,0.24367,0.243723,0.243018,0.24154,0.239271,0.236187,0.23226,0.227454,0.221727,0.215027,0.207296,0.198464,0.188453,0.177176,0.164534,0.150423,0.134726,0.117323,0.0980826,0.0768711,0.0535489,0.0279735,0,
0,0.0146049,0.0291036,0.0434435,0.0575732,0.0714429,0.0850048,0.0982135,0.111027,0.123404,0.13531,0.146712,0.157577,0.167881,0.177599,0.186708,0.195191,0.203031,0.210213,0.216726,0.222558,0.2277,0.232144,0.235883,0.238909,0.241215,0.242794,0.243638,0.243736,0.243076,0.241642,0.239415,0.23637,0.232479,0.227705,0.222003,0.215324,0.207606,0.198781,0.18877,0.177485,0.164829,0.150695,0.134971,0.117534,0.0982566,0.0770039,0.0536383,0.0280181,0,
0,0.0145523,0.029,0.0432913,0.0573754,0.0712031,0.084727,0.0979023,0.110687,0.123041,0.134928,0.146316,0.157173,0.167474,0.177193,0.186309,0.194803,0.202658,0.209861,0.216397,0.222257,0.22743,0.231908,0.235684,0.238749,0.241097,0.242719,0.243607,0.243749,0.243133,0.241742,0.239556,0.236551,0.232694,0.22795,0.222275,0.215615,0.207911,0.199092,0.18908,0.177787,0.165116,0.150962,0.13521,0.117741,0.0984262,0.0771334,0.0537253,0.0280617,0,
0,0.0145005,0.028898,0.0431414,0.0571806,0.0709668,0.0844533,0.0975954,0.110351,0.122682,0.134551,0.145925,0.156774,0.167072,0.176792,0.185915,0.19442,0.202291,0.209512,0.216072,0.221959,0.227163,0.231675,0.235488,0.238592,0.240981,0.242646,0.243577,0.243763,0.24319,0.241842,0.239696,0.236728,0.232906,0.228192,0.222541,0.2159,0.208208,0.199395,0.189383,0.178082,0.165397,0.151221,0.135443,0.117942,0.0985917,0.0772597,0.0538102,0.0281041,0,
0,0.0144495,0.0287975,0.0429937,0.0569886,0.0707339,0.0841834,0.0972929,0.110021,0.122328,0.134179,0.145539,0.156381,0.166674,0.176397,0.185525,0.194041,0.201927,0.209168,0.215752,0.221666,0.2269,0.231446,0.235294,0.238437,0.240867,0.242574,0.243548,0.243777,0.243247,0.24194,0.239834,0.236903,0.233114,0.228429,0.222802,0.21618,0.2085,0.199693,0.189679,0.17837,0.165671,0.151475,0.135671,0.118139,0.098753,0.0773828,0.053893,0.0281455,0,
0,0.0143993,0.0286986,0.0428483,0.0567994,0.0705044,0.0839174,0.0969945,0.109695,0.121979,0.133811,0.145159,0.155992,0.166282,0.176006,0.18514,0.193667,0.201568,0.208828,0.215435,0.221376,0.22664,0.231219,0.235103,0.238285,0.240755,0.242503,0.243519,0.243791,0.243303,0.242037,0.23997,0.237075,0.233319,0.228662,0.223058,0.216454,0.208786,0.199984,0.189969,0.178652,0.165938,0.151723,0.135893,0.11833,0.0989104,0.0775029,0.0539738,0.0281859,0,
0,0.0143498,0.0286011,0.042705,0.056613,0.0702782,0.0836551,0.0967003,0.109373,0.121634,0.133448,0.144783,0.155607,0.165894,0.175619,0.18476,0.193297,0.201213,0.208493,0.215122,0.221089,0.226384,0.230995,0.234915,0.238135,0.240644,0.242433,0.243492,0.243805,0.243359,0.242133,0.240104,0.237244,0.23352,0.228891,0.22331,0.216722,0.209065,0.200268,0.190252,0.178928,0.1662,0.151964,0.13611,0.118518,0.099064,0.07762,0.0540525,0.0282253,0,
0,0.0143011,0.0285051,0.0425637,0.0564293,0.0700552,0.0833965,0.0964101,0.109055,0.121294,0.133091,0.144412,0.155228,0.165512,0.175238,0.184385,0.192932,0.200863,0.208161,0.214813,0.220806,0.22613,0.230775,0.23473,0.237987,0.240535,0.242365,0.243465,0.24382,0.243414,0.242227,0.240236,0.237411,0.233718,0.229115,0.223556,0.216985,0.209339,0.200547,0.190529,0.179197,0.166456,0.152201,0.136321,0.1187,0.0992139,0.0777344,0.0541294,0.0282637,0,
0,0.0142531,0.0284105,0.0424246,0.0562482,0.0698354,0.0831415,0.096124,0.108742,0.120959,0.132737,0.144046,0.154854,0.165134,0.174861,0.184014,0.192572,0.200517,0.207833,0.214508,0.220527,0.225881,0.230557,0.234547,0.237841,0.240428,0.242298,0.243438,0.243834,0.243468,0.242321,0.240366,0.237575,0.233912,0.229335,0.223798,0.217243,0.209607,0.20082,0.1908,0.17946,0.166705,0.152431,0.136528,0.118878,0.0993602,0.0778459,0.0542044,0.0283012,0,
0,0.0142058,0.0283173,0.0422874,0.0560697,0.0696186,0.08289,0.0958417,0.108433,0.120628,0.132389,0.143684,0.154484,0.164761,0.174489,0.183648,0.192215,0.200175,0.20751,0.214206,0.220252,0.225634,0.230342,0.234367,0.237697,0.240323,0.242233,0.243413,0.243849,0.243522,0.242412,0.240494,0.237735,0.234102,0.229552,0.224035,0.217495,0.20987,0.201086,0.191065,0.179718,0.166949,0.152657,0.13673,0.119052,0.099503,0.0779549,0.0542776,0.0283378,0,
0,0.0141592,0.0282254,0.0421522,0.0558938,0.0694049,0.082642,0.0955632,0.108129,0.120301,0.132045,0.143327,0.154119,0.164392,0.174122,0.183286,0.191863,0.199837,0.20719,0.213909,0.21998,0.22539,0.230131,0.234189,0.237556,0.24022,0.242168,0.243388,0.243863,0.243575,0.242503,0.240619,0.237894,0.234289,0.229764,0.224267,0.217743,0.210127,0.201347,0.191324,0.179969,0.167188,0.152877,0.136927,0.119222,0.0996424,0.0780612,0.054349,0.0283735,0,
0,0.0141132,0.0281348,0.042019,0.0557203,0.0691941,0.0823974,0.0952886,0.107828,0.119978,0.131705,0.142975,0.153758,0.164028,0.173759,0.182928,0.191516,0.199504,0.206875,0.213615,0.219711,0.22515,0.229922,0.234014,0.237417,0.240118,0.242104,0.243363,0.243877,0.243628,0.242592,0.240743,0.238049,0.234473,0.229972,0.224495,0.217985,0.210379,0.201603,0.191578,0.180215,0.167421,0.153092,0.137119,0.119388,0.0997786,0.078165,0.0544188,0.0284084,0,
0,0.0140679,0.0280455,0.0418876,0.0555492,0.0689863,0.0821562,0.0950176,0.107531,0.11966,0.13137,0.142627,0.153402,0.163669,0.1734,0.182575,0.191173,0.199174,0.206563,0.213325,0.219446,0.224913,0.229716,0.233841,0.237279,0.240017,0.242042,0.243339,0.243891,0.243679,0.242679,0.240864,0.238202,0.234653,0.230176,0.224718,0.218223,0.210625,0.201853,0.191826,0.180456,0.167649,0.153302,0.137307,0.11955,0.0999115,0.0782663,0.0544869,0.0284425,0,
0,0.0140233,0.0279575,0.041758,0.0553805,0.0687813,0.0819182,0.0947502,0.107239,0.119346,0.131039,0.142283,0.153051,0.163314,0.173046,0.182227,0.190834,0.198849,0.206255,0.213038,0.219184,0.224679,0.229512,0.233671,0.237144,0.239918,0.24198,0.243315,0.243905,0.24373,0.242765,0.240984,0.238351,0.23483,0.230376,0.224937,0.218455,0.210867,0.202098,0.192068,0.180691,0.167871,0.153507,0.137491,0.119709,0.100041,0.0783653,0.0545534,0.0284757,0,
0,0.0139793,0.0278707,0.0416303,0.0552141,0.0685792,0.0816834,0.0944865,0.10695,0.119036,0.130712,0.141944,0.152704,0.162963,0.172697,0.181882,0.190499,0.198528,0.205952,0.212756,0.218926,0.224448,0.229312,0.233503,0.23701,0.23982,0.24192,0.243292,0.243919,0.24378,0.24285,0.241101,0.238498,0.235004,0.230572,0.225151,0.218683,0.211103,0.202337,0.192306,0.180921,0.168089,0.153708,0.137671,0.119863,0.100168,0.078462,0.0546184,0.0285082,0,
0,0.0139359,0.0277852,0.0415043,0.0550501,0.0683798,0.0814519,0.0942263,0.106665,0.11873,0.130389,0.14161,0.152361,0.162617,0.172352,0.181542,0.190168,0.19821,0.205652,0.212476,0.218671,0.224221,0.229114,0.233337,0.236879,0.239724,0.24186,0.243269,0.243932,0.243829,0.242933,0.241216,0.238643,0.235174,0.230764,0.225361,0.218906,0.211334,0.202571,0.192538,0.181146,0.168302,0.153904,0.137846,0.120015,0.100292,0.0785564,0.0546819,0.0285399,0,
0,0.0138931,0.0277008,0.0413801,0.0548883,0.0681831,0.0812234,0.0939695,0.106383,0.118428,0.130071,0.141279,0.152023,0.162275,0.172011,0.181207,0.189842,0.197897,0.205355,0.212201,0.218419,0.223996,0.228918,0.233174,0.236749,0.23963,0.241801,0.243246,0.243945,0.243877,0.243015,0.241329,0.238784,0.235341,0.230953,0.225567,0.219125,0.211561,0.202801,0.192765,0.181366,0.16851,0.154096,0.138017,0.120162,0.100413,0.0786487,0.0547439,0.0285709,0,
0,0.0138509,0.0276176,0.0412576,0.0547287,0.0679891,0.080998,0.0937161,0.106106,0.118131,0.129757,0.140953,0.151689,0.161938,0.171674,0.180875,0.189519,0.197588,0.205063,0.211929,0.21817,0.223774,0.228726,0.233013,0.236621,0.239536,0.241743,0.243223,0.243958,0.243924,0.243095,0.24144,0.238923,0.235505,0.231137,0.225769,0.219339,0.211782,0.203025,0.192987,0.181581,0.168713,0.154283,0.138185,0.120307,0.100531,0.0787388,0.0548044,0.0286012,0,
0,0.0138093,0.0275356,0.0411368,0.0545713,0.0677976,0.0807756,0.0934661,0.105832,0.117836,0.129447,0.140631,0.151359,0.161605,0.171342,0.180548,0.189201,0.197282,0.204774,0.21166,0.217925,0.223555,0.228536,0.232853,0.236495,0.239444,0.241685,0.243201,0.243971,0.24397,0.243173,0.241548,0.239059,0.235665,0.231318,0.225966,0.219549,0.211999,0.203245,0.193204,0.181791,0.168912,0.154467,0.138349,0.120448,0.100647,0.0788269,0.0548636,0.0286308,0,
0,0.0137683,0.0274546,0.0410176,0.054416,0.0676088,0.0805562,0.0932194,0.105561,0.117546,0.129141,0.140313,0.151034,0.161276,0.171014,0.180224,0.188887,0.196981,0.204489,0.211395,0.217683,0.223339,0.228348,0.232697,0.23637,0.239353,0.241629,0.243179,0.243983,0.244016,0.24325,0.241655,0.239193,0.235822,0.231496,0.22616,0.219754,0.212212,0.203459,0.193417,0.181997,0.169107,0.154646,0.138509,0.120585,0.10076,0.078913,0.0549214,0.0286597,0,
0,0.0137278,0.0273748,0.0409001,0.0542628,0.0674225,0.0803397,0.0929759,0.105294,0.11726,0.128838,0.139999,0.150712,0.160951,0.17069,0.179905,0.188576,0.196683,0.204208,0.211133,0.217444,0.223126,0.228163,0.232542,0.236247,0.239263,0.241573,0.243157,0.243994,0.24406,0.243326,0.24176,0.239324,0.235977,0.23167,0.226349,0.219955,0.21242,0.20367,0.193625,0.182198,0.169297,0.154821,0.138665,0.12072,0.10087,0.0789971,0.054978,0.028688,0,
0,0.0136879,0.0272961,0.0407841,0.0541116,0.0672386,0.080126,0.0927357,0.105031,0.116977,0.12854,0.139689,0.150395,0.16063,0.17037,0.17959,0.18827,0.196389,0.20393,0.210875,0.217208,0.222915,0.22798,0.232389,0.236126,0.239175,0.241518,0.243135,0.244006,0.244104,0.2434,0.241862,0.239452,0.236128,0.23184,0.226535,0.220152,0.212623,0.203876,0.193828,0.182395,0.169483,0.154992,0.138818,0.120852,0.100978,0.0790793,0.0550332,0.0287156,0,
0,0.0136486,0.0272184,0.0406697,0.0539625,0.0670573,0.0799152,0.0924986,0.104771,0.116698,0.128245,0.139383,0.150082,0.160314,0.170054,0.179279,0.187967,0.196099,0.203655,0.21062,0.216976,0.222707,0.2278,0.232238,0.236006,0.239087,0.241463,0.243114,0.244017,0.244146,0.243472,0.241962,0.239578,0.236276,0.232007,0.226717,0.220344,0.212822,0.204077,0.194028,0.182588,0.169665,0.15516,0.138968,0.120981,0.101084,0.0791596,0.0550872,0.0287426,0,
0,0.0136097,0.0271418,0.0405568,0.0538154,0.0668783,0.0797072,0.0922645,0.104514,0.116422,0.127955,0.139081,0.149772,0.160001,0.169742,0.178972,0.187668,0.195812,0.203385,0.210368,0.216746,0.222502,0.227622,0.23209,0.235888,0.239001,0.241409,0.243092,0.244027,0.244187,0.243543,0.242061,0.239701,0.236421,0.23217,0.226895,0.220533,0.213017,0.204274,0.194222,0.182776,0.169843,0.155323,0.139114,0.121106,0.101187,0.0792382,0.0551399,0.028769,0,
0,0.0135714,0.0270662,0.0404455,0.0536702,0.0667017,0.0795019,0.0920336,0.104261,0.11615,0.127668,0.138783,0.149467,0.159692,0.169434,0.178668,0.187374,0.19553,0.203117,0.210119,0.216519,0.2223,0.227447,0.231943,0.235772,0.238916,0.241356,0.243071,0.244037,0.244228,0.243613,0.242157,0.239822,0.236563,0.23233,0.227069,0.220718,0.213208,0.204467,0.194413,0.182961,0.170017,0.155483,0.139257,0.121229,0.101288,0.0793149,0.0551915,0.0287948,0,
0,0.0135336,0.0269916,0.0403356,0.053527,0.0665274,0.0792992,0.0918057,0.104011,0.115882,0.127384,0.138489,0.149165,0.159388,0.16913,0.178369,0.187082,0.19525,0.202853,0.209874,0.216295,0.222101,0.227273,0.231798,0.235656,0.238831,0.241303,0.243049,0.244047,0.244267,0.24368,0.242251,0.23994,0.236702,0.232487,0.22724,0.220899,0.213395,0.204656,0.1946,0.183141,0.170187,0.15564,0.139397,0.12135,0.101386,0.07939,0.0552419,0.02882,0,
0,0.0134963,0.0269181,0.0402272,0.0533856,0.0663554,0.0790993,0.0915807,0.103764,0.115617,0.127105,0.138198,0.148868,0.159087,0.16883,0.178073,0.186795,0.194975,0.202593,0.209632,0.216074,0.221903,0.227103,0.231655,0.235543,0.238748,0.24125,0.243028,0.244056,0.244306,0.243747,0.242343,0.240056,0.236838,0.232641,0.227407,0.221076,0.213578,0.20484,0.194782,0.183317,0.170353,0.155793,0.139534,0.121467,0.101483,0.0794634,0.0552912,0.0288446,0,
0,0.0134595,0.0268455,0.0401202,0.0532462,0.0661857,0.078902,0.0913587,0.103521,0.115355,0.126828,0.137911,0.148574,0.15879,0.168534,0.177781,0.186511,0.194702,0.202336,0.209393,0.215856,0.221709,0.226934,0.231514,0.235431,0.238666,0.241199,0.243006,0.244064,0.244343,0.243812,0.242434,0.240169,0.236971,0.232791,0.227571,0.221249,0.213757,0.205021,0.19496,0.18349,0.170516,0.155943,0.139667,0.121582,0.101577,0.0795351,0.0553394,0.0288687,0,
0,0.0134232,0.0267738,0.0400147,0.0531085,0.0660183,0.0787072,0.0911395,0.103281,0.115097,0.126556,0.137628,0.148284,0.158497,0.168241,0.177493,0.186231,0.194434,0.202082,0.209157,0.215641,0.221517,0.226767,0.231374,0.23532,0.238584,0.241147,0.242985,0.244072,0.24438,0.243875,0.242522,0.24028,0.237102,0.232938,0.227731,0.221418,0.213932,0.205198,0.195135,0.183658,0.170675,0.156089,0.139798,0.121695,0.101669,0.0796053,0.0553866,0.0288923,0,
0,0.0133874,0.0267031,0.0399105,0.0529727,0.065853,0.078515,0.0909232,0.103043,0.114842,0.126287,0.137348,0.147997,0.158207,0.167952,0.177209,0.185954,0.194169,0.201831,0.208924,0.215429,0.221327,0.226603,0.231236,0.23521,0.238504,0.241096,0.242964,0.24408,0.244415,0.243937,0.242608,0.240388,0.23723,0.233082,0.227888,0.221584,0.214103,0.205371,0.195306,0.183823,0.170831,0.156233,0.139926,0.121805,0.101759,0.0796739,0.0554327,0.0289153,0,
0,0.0133521,0.0266334,0.0398077,0.0528387,0.0656898,0.0783253,0.0907098,0.102809,0.11459,0.126021,0.137072,0.147715,0.157921,0.167667,0.176928,0.185681,0.193907,0.201584,0.208694,0.215219,0.22114,0.22644,0.2311,0.235102,0.238424,0.241046,0.242942,0.244086,0.244449,0.243997,0.242693,0.240494,0.237355,0.233223,0.228041,0.221747,0.214271,0.20554,0.195473,0.183985,0.170983,0.156373,0.140051,0.121912,0.101847,0.079741,0.0554777,0.0289379,0,
0,0.0133172,0.0265646,0.0397063,0.0527064,0.0655288,0.078138,0.090499,0.102578,0.114342,0.125759,0.1368,0.147436,0.157639,0.167386,0.176651,0.185412,0.193648,0.20134,0.208467,0.215012,0.220956,0.22628,0.230966,0.234995,0.238346,0.240996,0.24292,0.244093,0.244483,0.244056,0.242775,0.240598,0.237477,0.233361,0.228191,0.221905,0.214435,0.205706,0.195637,0.184143,0.171132,0.15651,0.140173,0.122018,0.101933,0.0798066,0.0555218,0.0289599,0,
0,0.0132828,0.0264966,0.0396062,0.0525758,0.0653699,0.0779532,0.090291,0.10235,0.114096,0.1255,0.136531,0.14716,0.157361,0.167108,0.176377,0.185146,0.193393,0.201099,0.208243,0.214808,0.220773,0.226122,0.230834,0.234889,0.238268,0.240946,0.242899,0.244099,0.244515,0.244113,0.242856,0.240699,0.237597,0.233495,0.228338,0.222061,0.214596,0.205868,0.195797,0.184297,0.171278,0.156644,0.140293,0.122121,0.102017,0.0798707,0.0555649,0.0289814,0,
0,0.0132488,0.0264296,0.0395074,0.052447,0.0652131,0.0777708,0.0900857,0.102124,0.113854,0.125245,0.136265,0.146888,0.157086,0.166833,0.176107,0.184883,0.193141,0.200861,0.208022,0.214606,0.220593,0.225965,0.230703,0.234785,0.238191,0.240896,0.242877,0.244104,0.244546,0.244169,0.242934,0.240798,0.237714,0.233627,0.228482,0.222213,0.214753,0.206026,0.195953,0.184448,0.171421,0.156775,0.14041,0.122221,0.1021,0.0799335,0.055607,0.0290025,0,
0,0.0132153,0.0263634,0.0394099,0.0523198,0.0650583,0.0775908,0.0898831,0.101902,0.113616,0.124992,0.136003,0.146619,0.156814,0.166562,0.17584,0.184624,0.192893,0.200626,0.207804,0.214407,0.220415,0.225811,0.230573,0.234682,0.238114,0.240847,0.242855,0.244109,0.244577,0.244224,0.243011,0.240895,0.237828,0.233756,0.228622,0.222362,0.214907,0.206181,0.196106,0.184596,0.17156,0.156903,0.140524,0.12232,0.10218,0.0799948,0.0556482,0.0290231,0,
0,0.0131822,0.0262982,0.0393137,0.0521943,0.0649056,0.0774131,0.0896831,0.101683,0.11338,0.124743,0.135744,0.146354,0.156546,0.166295,0.175577,0.184368,0.192647,0.200394,0.207588,0.21421,0.22024,0.225658,0.230445,0.23458,0.238039,0.240799,0.242833,0.244113,0.244606,0.244277,0.243086,0.24099,0.23794,0.233883,0.22876,0.222508,0.215057,0.206333,0.196256,0.184741,0.171697,0.157029,0.140636,0.122416,0.102259,0.0800548,0.0556885,0.0290433,0,
0,0.0131496,0.0262337,0.0392187,0.0520705,0.0647548,0.0772376,0.0894856,0.101466,0.113147,0.124498,0.135489,0.146093,0.156282,0.166031,0.175317,0.184115,0.192405,0.200165,0.207376,0.214016,0.220067,0.225508,0.230319,0.234479,0.237964,0.24075,0.242811,0.244117,0.244634,0.244329,0.243159,0.241083,0.238049,0.234006,0.228894,0.22265,0.215204,0.206482,0.196403,0.184882,0.17183,0.157151,0.140746,0.12251,0.102336,0.0801135,0.055728,0.029063,0,
0,0.0131174,0.0261701,0.039125,0.0519482,0.0646059,0.0770645,0.0892907,0.101252,0.112917,0.124255,0.135237,0.145834,0.156021,0.165771,0.17506,0.183866,0.192166,0.199939,0.207166,0.213824,0.219896,0.225359,0.230194,0.234379,0.23789,0.240702,0.242789,0.24412,0.244662,0.244379,0.243231,0.241173,0.238156,0.234127,0.229026,0.222789,0.215348,0.206627,0.196546,0.185021,0.171961,0.157271,0.140853,0.122602,0.102412,0.0801709,0.0557665,0.0290823,0,
0,0.0130856,0.0261074,0.0390325,0.0518275,0.064459,0.0768936,0.0890983,0.101041,0.11269,0.124016,0.134988,0.145579,0.155763,0.165513,0.174807,0.18362,0.19193,0.199716,0.206958,0.213635,0.219727,0.225212,0.230071,0.23428,0.237816,0.240654,0.242766,0.244122,0.244688,0.244428,0.243301,0.241261,0.238261,0.234245,0.229155,0.222926,0.215489,0.206769,0.196686,0.185156,0.172089,0.157389,0.140958,0.122692,0.102485,0.0802271,0.0558042,0.0291011,0,
0,0.0130542,0.0260454,0.0389412,0.0517084,0.064314,0.0767249,0.0889084,0.100833,0.112466,0.123779,0.134742,0.145327,0.155508,0.16526,0.174557,0.183376,0.191697,0.199496,0.206753,0.213448,0.21956,0.225067,0.229949,0.234182,0.237744,0.240607,0.242744,0.244124,0.244714,0.244475,0.243368,0.241348,0.238363,0.23436,0.229281,0.223059,0.215626,0.206908,0.196824,0.185289,0.172213,0.157503,0.14106,0.12278,0.102557,0.080282,0.0558411,0.0291196,0,
0,0.0130232,0.0259843,0.038851,0.0515908,0.0641709,0.0765584,0.088721,0.100627,0.112245,0.123546,0.1345,0.145079,0.155257,0.165009,0.17431,0.183137,0.191467,0.199279,0.206551,0.213264,0.219395,0.224924,0.229828,0.234086,0.237671,0.240559,0.242721,0.244125,0.244738,0.244522,0.243435,0.241432,0.238463,0.234473,0.229404,0.223189,0.215761,0.207044,0.196958,0.185418,0.172336,0.157616,0.14116,0.122866,0.102628,0.0803357,0.0558772,0.0291376,0,
0,0.0129927,0.0259239,0.0387621,0.0514748,0.0640296,0.076394,0.088536,0.100424,0.112027,0.123315,0.13426,0.144834,0.155009,0.164761,0.174066,0.1829,0.19124,0.199064,0.206352,0.213081,0.219232,0.224782,0.229709,0.23399,0.2376,0.240512,0.242698,0.244126,0.244762,0.244566,0.243499,0.241514,0.23856,0.234584,0.229524,0.223317,0.215893,0.207177,0.197089,0.185545,0.172455,0.157726,0.141258,0.122951,0.102697,0.0803882,0.0559125,0.0291552,0,
0,0.0129625,0.0258644,0.0386743,0.0513603,0.0638902,0.0762318,0.0883533,0.100223,0.111811,0.123088,0.134024,0.144591,0.154764,0.164517,0.173826,0.182666,0.191015,0.198852,0.206155,0.212902,0.219071,0.224642,0.229591,0.233895,0.237529,0.240465,0.242675,0.244126,0.244784,0.24461,0.243562,0.241594,0.238656,0.234691,0.229642,0.223442,0.216022,0.207307,0.197217,0.185669,0.172572,0.157833,0.141354,0.123033,0.102764,0.0804396,0.055947,0.0291725,0,
0,0.0129327,0.0258056,0.0385876,0.0512472,0.0637525,0.0760716,0.088173,0.100026,0.111599,0.122863,0.13379,0.144352,0.154523,0.164276,0.173588,0.182435,0.190794,0.198643,0.20596,0.212724,0.218912,0.224504,0.229475,0.233802,0.237459,0.240419,0.242652,0.244126,0.244806,0.244652,0.243623,0.241672,0.238749,0.234797,0.229757,0.223564,0.216148,0.207434,0.197343,0.18579,0.172686,0.157938,0.141448,0.123114,0.10283,0.0804899,0.0559807,0.0291894,0,
0,0.0129033,0.0257475,0.0385021,0.0511356,0.0636166,0.0759136,0.0879951,0.0998303,0.111389,0.122642,0.13356,0.144116,0.154284,0.164038,0.173354,0.182207,0.190575,0.198436,0.205768,0.212548,0.218756,0.224367,0.22936,0.233709,0.237389,0.240372,0.242629,0.244125,0.244826,0.244693,0.243683,0.241749,0.238839,0.2349,0.229869,0.223683,0.216271,0.207558,0.197466,0.185909,0.172798,0.158041,0.141539,0.123192,0.102895,0.080539,0.0560138,0.0292059,0,
0,0.0128743,0.0256903,0.0384176,0.0510254,0.0634825,0.0757575,0.0878194,0.0996375,0.111182,0.122423,0.133333,0.143883,0.154049,0.163803,0.173122,0.181982,0.190359,0.198232,0.205578,0.212375,0.218601,0.224232,0.229246,0.233617,0.23732,0.240326,0.242605,0.244124,0.244846,0.244733,0.243741,0.241823,0.238928,0.235,0.229979,0.223799,0.216391,0.20768,0.197586,0.186025,0.172908,0.158142,0.141629,0.12327,0.102958,0.0805871,0.056046,0.029222,0,
0,0.0128456,0.0256337,0.0383343,0.0509167,0.0633501,0.0756035,0.087646,0.0994471,0.110977,0.122207,0.133108,0.143653,0.153816,0.163571,0.172894,0.18176,0.190146,0.198031,0.205391,0.212204,0.218447,0.224098,0.229133,0.233526,0.237251,0.24028,0.242581,0.244122,0.244865,0.244771,0.243797,0.241895,0.239015,0.235098,0.230086,0.223913,0.216509,0.207799,0.197703,0.186138,0.173015,0.15824,0.141717,0.123345,0.10302,0.0806341,0.0560776,0.0292378,0,
0,0.0128174,0.0255779,0.038252,0.0508094,0.0632194,0.0754514,0.0874748,0.0992593,0.110775,0.121994,0.132886,0.143426,0.153587,0.163342,0.172668,0.18154,0.189936,0.197832,0.205206,0.212035,0.218296,0.223967,0.229022,0.233436,0.237183,0.240234,0.242557,0.244119,0.244883,0.244808,0.243852,0.241966,0.239099,0.235194,0.230191,0.224025,0.216624,0.207915,0.197818,0.186249,0.173119,0.158336,0.141803,0.123419,0.10308,0.0806801,0.0561085,0.0292533,0,
0,0.0127895,0.0255228,0.0381708,0.0507034,0.0630904,0.0753013,0.0873058,0.0990738,0.110576,0.121783,0.132668,0.143202,0.15336,0.163116,0.172445,0.181324,0.189728,0.197636,0.205023,0.211868,0.218147,0.223836,0.228911,0.233347,0.237116,0.240188,0.242533,0.244116,0.2449,0.244844,0.243905,0.242035,0.239181,0.235288,0.230294,0.224133,0.216737,0.208029,0.19793,0.186357,0.173222,0.15843,0.141887,0.123491,0.103139,0.0807251,0.0561387,0.0292684,0,
0,0.0127619,0.0254684,0.0380906,0.0505989,0.0629631,0.0751532,0.087139,0.0988908,0.110379,0.121575,0.132452,0.142981,0.153136,0.162893,0.172226,0.18111,0.189523,0.197442,0.204843,0.211703,0.217999,0.223707,0.228802,0.233259,0.237049,0.240143,0.242509,0.244112,0.244916,0.244879,0.243957,0.242102,0.239262,0.235379,0.230394,0.22424,0.216847,0.20814,0.19804,0.186464,0.173322,0.158522,0.141969,0.123562,0.103197,0.0807691,0.0561683,0.0292831,0,
0,0.0127347,0.0254148,0.0380115,0.0504956,0.0628374,0.0750069,0.0869744,0.0987101,0.110185,0.12137,0.132239,0.142762,0.152916,0.162673,0.172008,0.180899,0.189321,0.19725,0.204664,0.21154,0.217853,0.22358,0.228695,0.233171,0.236982,0.240097,0.242484,0.244108,0.244931,0.244912,0.244007,0.242167,0.23934,0.235468,0.230492,0.224344,0.216954,0.208249,0.198148,0.186567,0.173419,0.158612,0.142049,0.123631,0.103254,0.0808121,0.0561972,0.0292976,0,
0,0.0127079,0.0253618,0.0379334,0.0503937,0.0627133,0.0748626,0.0868118,0.0985317,0.109993,0.121168,0.132028,0.142547,0.152698,0.162455,0.171794,0.180691,0.189121,0.197061,0.204488,0.211379,0.217709,0.223453,0.228588,0.233085,0.236916,0.240052,0.242459,0.244103,0.244945,0.244945,0.244056,0.242231,0.239416,0.235556,0.230587,0.224445,0.217059,0.208355,0.198253,0.186669,0.173515,0.1587,0.142128,0.123698,0.103309,0.0808542,0.0562255,0.0293117,0,
0,0.0126814,0.0253095,0.0378563,0.0502931,0.0625909,0.0747201,0.0866514,0.0983556,0.109804,0.120968,0.13182,0.142334,0.152482,0.16224,0.171583,0.180485,0.188924,0.196875,0.204315,0.21122,0.217566,0.223329,0.228482,0.232999,0.236851,0.240007,0.242434,0.244098,0.244959,0.244976,0.244104,0.242293,0.239491,0.235641,0.23068,0.224544,0.217162,0.208459,0.198355,0.186768,0.173609,0.158786,0.142204,0.123764,0.103363,0.0808954,0.0562531,0.0293256,0,
0,0.0126553,0.0252579,0.0377802,0.0501938,0.06247,0.0745794,0.086493,0.0981817,0.109617,0.120771,0.131615,0.142124,0.15227,0.162028,0.171374,0.180282,0.188729,0.19669,0.204143,0.211063,0.217425,0.223206,0.228378,0.232914,0.236786,0.239962,0.242409,0.244092,0.244972,0.245006,0.24415,0.242353,0.239564,0.235724,0.230771,0.224641,0.217262,0.20856,0.198456,0.186865,0.1737,0.15887,0.142279,0.123829,0.103416,0.0809357,0.0562802,0.0293391,0,
0,0.0126294,0.0252069,0.0377051,0.0500958,0.0623506,0.0744405,0.0863366,0.0980102,0.109433,0.120576,0.131413,0.141916,0.15206,0.161819,0.171168,0.180081,0.188536,0.196508,0.203973,0.210907,0.217286,0.223084,0.228274,0.23283,0.236721,0.239917,0.242384,0.244086,0.244984,0.245035,0.244194,0.242412,0.239634,0.235804,0.23086,0.224736,0.21736,0.208659,0.198554,0.18696,0.17379,0.158953,0.142353,0.123892,0.103468,0.080975,0.0563066,0.0293523,0,
0,0.012604,0.0251566,0.0376309,0.0499991,0.0622328,0.0743035,0.0861823,0.0978408,0.109251,0.120384,0.131213,0.141712,0.151853,0.161612,0.170964,0.179883,0.188346,0.196328,0.203806,0.210754,0.217148,0.222963,0.228172,0.232746,0.236657,0.239872,0.242358,0.244079,0.244995,0.245063,0.244237,0.242469,0.239703,0.235883,0.230947,0.224828,0.217456,0.208756,0.198649,0.187052,0.173877,0.159033,0.142425,0.123954,0.103518,0.0810135,0.0563325,0.0293652,0,
0,0.0125788,0.0251069,0.0375577,0.0499036,0.0621165,0.0741681,0.08603,0.0976736,0.109071,0.120194,0.131016,0.141509,0.151649,0.161408,0.170763,0.179688,0.188158,0.196151,0.20364,0.210602,0.217012,0.222844,0.22807,0.232663,0.236593,0.239827,0.242333,0.244072,0.245005,0.245089,0.244279,0.242524,0.23977,0.23596,0.231032,0.224918,0.21755,0.208851,0.198743,0.187143,0.173963,0.159112,0.142495,0.124014,0.103568,0.0810512,0.0563578,0.0293779,0,
0,0.012554,0.0250579,0.0374854,0.0498093,0.0620017,0.0740346,0.0858796,0.0975085,0.108893,0.120007,0.130821,0.14131,0.151447,0.161207,0.170564,0.179495,0.187973,0.195975,0.203477,0.210453,0.216878,0.222726,0.22797,0.232581,0.236529,0.239783,0.242307,0.244064,0.245014,0.245115,0.24432,0.242578,0.239836,0.236035,0.231114,0.225007,0.217641,0.208944,0.198835,0.187231,0.174046,0.159189,0.142563,0.124073,0.103616,0.081088,0.0563825,0.0293903,0,
0,0.0125295,0.0250095,0.0374141,0.0497162,0.0618884,0.0739027,0.0857311,0.0973456,0.108718,0.119822,0.130629,0.141113,0.151248,0.161008,0.170368,0.179304,0.18779,0.195802,0.203315,0.210305,0.216745,0.222609,0.22787,0.2325,0.236466,0.239738,0.24228,0.244055,0.245023,0.24514,0.244359,0.24263,0.2399,0.236109,0.231195,0.225093,0.217731,0.209034,0.198924,0.187318,0.174128,0.159264,0.142631,0.124131,0.103663,0.081124,0.0564067,0.0294023,0,
0,0.0125053,0.0249618,0.0373437,0.0496244,0.0617766,0.0737726,0.0855846,0.0971847,0.108545,0.119639,0.130439,0.140918,0.151051,0.160812,0.170175,0.179116,0.187609,0.195631,0.203156,0.210158,0.216613,0.222494,0.227772,0.232419,0.236404,0.239694,0.242254,0.244046,0.245031,0.245163,0.244397,0.242681,0.239962,0.23618,0.231274,0.225177,0.217818,0.209122,0.199012,0.187402,0.174208,0.159337,0.142696,0.124187,0.103709,0.0811592,0.0564303,0.0294142,0,
0,0.0124814,0.0249146,0.0372742,0.0495337,0.0616661,0.0736441,0.0854399,0.0970259,0.108375,0.119459,0.130252,0.140726,0.150857,0.160618,0.169984,0.17893,0.187431,0.195462,0.202998,0.210014,0.216483,0.222379,0.227674,0.232339,0.236342,0.23965,0.242227,0.244037,0.245038,0.245186,0.244433,0.24273,0.240022,0.236249,0.23135,0.225259,0.217903,0.209209,0.199097,0.187485,0.174286,0.159409,0.14276,0.124242,0.103755,0.0811936,0.0564535,0.0294257,0,
0,0.0124578,0.0248681,0.0372056,0.0494442,0.0615571,0.0735172,0.0852971,0.0968692,0.108206,0.119281,0.130067,0.140537,0.150665,0.160427,0.169795,0.178746,0.187254,0.195295,0.202842,0.209871,0.216355,0.222266,0.227578,0.23226,0.23628,0.239605,0.242201,0.244027,0.245044,0.245207,0.244469,0.242778,0.240081,0.236317,0.231425,0.225339,0.217986,0.209293,0.199181,0.187566,0.174362,0.159479,0.142823,0.124296,0.103799,0.0812273,0.0564761,0.029437,0,
0,0.0124346,0.0248222,0.0371379,0.0493558,0.0614496,0.073392,0.0851561,0.0967144,0.10804,0.119105,0.129884,0.14035,0.150476,0.160238,0.169609,0.178565,0.18708,0.19513,0.202688,0.209729,0.216227,0.222155,0.227482,0.232181,0.236218,0.239561,0.242174,0.244017,0.24505,0.245228,0.244503,0.242825,0.240138,0.236383,0.231498,0.225417,0.218067,0.209375,0.199262,0.187645,0.174437,0.159548,0.142884,0.124349,0.103842,0.0812602,0.0564982,0.0294481,0,
0,0.0124116,0.0247768,0.037071,0.0492686,0.0613433,0.0732685,0.0850169,0.0965617,0.107876,0.118932,0.129704,0.140165,0.150289,0.160051,0.169425,0.178386,0.186908,0.194967,0.202536,0.20959,0.216102,0.222044,0.227388,0.232103,0.236157,0.239517,0.242146,0.244006,0.245054,0.245247,0.244536,0.24287,0.240193,0.236447,0.231569,0.225493,0.218147,0.209456,0.199342,0.187722,0.17451,0.159615,0.142944,0.124401,0.103884,0.0812923,0.0565198,0.0294589,0,
0,0.0123889,0.024732,0.037005,0.0491825,0.0612385,0.0731464,0.0848796,0.0964109,0.107714,0.118761,0.129526,0.139982,0.150105,0.159867,0.169243,0.178209,0.186738,0.194806,0.202386,0.209452,0.215977,0.221934,0.227294,0.232025,0.236096,0.239473,0.242119,0.243995,0.245059,0.245266,0.244568,0.242913,0.240247,0.23651,0.231639,0.225567,0.218224,0.209534,0.19942,0.187797,0.174581,0.159681,0.143003,0.124451,0.103925,0.0813238,0.0565409,0.0294695,0,
0,0.0123665,0.0246879,0.0369399,0.0490975,0.061135,0.073026,0.0847439,0.096262,0.107553,0.118592,0.12935,0.139802,0.149923,0.159685,0.169064,0.178034,0.18657,0.194647,0.202237,0.209315,0.215854,0.221826,0.227201,0.231948,0.236036,0.239429,0.242091,0.243983,0.245062,0.245283,0.244598,0.242956,0.240299,0.236571,0.231706,0.22564,0.218299,0.209611,0.199496,0.187871,0.174651,0.159745,0.14306,0.1245,0.103966,0.0813545,0.0565616,0.0294798,0,
0,0.0123445,0.0246442,0.0368755,0.0490136,0.0610328,0.0729071,0.0846101,0.0961151,0.107396,0.118425,0.129176,0.139624,0.149743,0.159505,0.168887,0.177862,0.186405,0.19449,0.20209,0.20918,0.215733,0.221719,0.227109,0.231872,0.235976,0.239385,0.242064,0.243971,0.245065,0.2453,0.244628,0.242996,0.24035,0.23663,0.231772,0.22571,0.218373,0.209686,0.19957,0.187943,0.174719,0.159807,0.143116,0.124548,0.104005,0.0813846,0.0565817,0.0294899,0,
0,0.0123226,0.0246012,0.0368121,0.0489308,0.0609319,0.0727897,0.0844779,0.09597,0.10724,0.11826,0.129005,0.139449,0.149565,0.159328,0.168712,0.177692,0.186241,0.194334,0.201945,0.209047,0.215612,0.221612,0.227018,0.231797,0.235916,0.239342,0.242036,0.243958,0.245067,0.245316,0.244656,0.243036,0.2404,0.236688,0.231836,0.225779,0.218445,0.209759,0.199642,0.188013,0.174785,0.159868,0.143171,0.124595,0.104044,0.081414,0.0566015,0.0294997,0,
0,0.0123011,0.0245587,0.0367494,0.048849,0.0608324,0.0726739,0.0843474,0.0958268,0.107086,0.118097,0.128836,0.139276,0.14939,0.159153,0.168539,0.177523,0.186079,0.194181,0.201802,0.208915,0.215493,0.221507,0.226927,0.231722,0.235857,0.239298,0.242007,0.243945,0.245068,0.24533,0.244683,0.243074,0.240448,0.236744,0.231899,0.225846,0.218515,0.20983,0.199713,0.188082,0.17485,0.159928,0.143224,0.124641,0.104082,0.0814427,0.0566208,0.0295094,0,
0,0.0122799,0.0245167,0.0366875,0.0487683,0.0607341,0.0725595,0.0842186,0.0956854,0.106934,0.117937,0.128669,0.139104,0.149217,0.15898,0.168369,0.177357,0.185919,0.194029,0.20166,0.208785,0.215376,0.221403,0.226838,0.231647,0.235798,0.239254,0.241979,0.243932,0.245069,0.245344,0.24471,0.243111,0.240494,0.236798,0.23196,0.225912,0.218583,0.2099,0.199782,0.188149,0.174913,0.159987,0.143276,0.124686,0.104118,0.0814707,0.0566396,0.0295188,0,
0,0.0122589,0.0244753,0.0366265,0.0486886,0.0606371,0.0724466,0.0840915,0.0955459,0.106784,0.117778,0.128504,0.138935,0.149046,0.158809,0.1682,0.177193,0.185762,0.193879,0.20152,0.208656,0.215259,0.2213,0.226749,0.231573,0.235739,0.239211,0.241951,0.243918,0.245069,0.245357,0.244735,0.243147,0.240539,0.236851,0.232019,0.225976,0.21865,0.209968,0.19985,0.188214,0.174975,0.160044,0.143327,0.12473,0.104154,0.0814981,0.056658,0.029528,0,
0,0.0122382,0.0244344,0.0365662,0.0486099,0.0605413,0.0723351,0.083966,0.0954081,0.106635,0.117622,0.128342,0.138769,0.148877,0.158641,0.168034,0.177031,0.185606,0.193731,0.201382,0.208529,0.215144,0.221198,0.226661,0.2315,0.235681,0.239167,0.241922,0.243903,0.245068,0.24537,0.244759,0.243182,0.240583,0.236903,0.232077,0.226038,0.218715,0.210034,0.199915,0.188278,0.175036,0.160099,0.143377,0.124773,0.104189,0.0815249,0.056676,0.029537,0,
0,0.0122177,0.024394,0.0365067,0.0485323,0.0604467,0.0722251,0.0838421,0.095272,0.106489,0.117467,0.128181,0.138604,0.14871,0.158474,0.16787,0.176871,0.185452,0.193585,0.201245,0.208402,0.21503,0.221097,0.226574,0.231427,0.235622,0.239124,0.241893,0.243888,0.245067,0.245381,0.244782,0.243215,0.240626,0.236953,0.232133,0.226098,0.218779,0.210098,0.19998,0.18834,0.175095,0.160154,0.143426,0.124815,0.104224,0.0815511,0.0566936,0.0295458,0,
0,0.0121975,0.0243542,0.0364479,0.0484556,0.0603534,0.0721164,0.0837197,0.0951377,0.106345,0.117315,0.128022,0.138441,0.148546,0.15831,0.167707,0.176713,0.185299,0.193441,0.201109,0.208278,0.214917,0.220997,0.226487,0.231355,0.235565,0.239081,0.241864,0.243873,0.245065,0.245392,0.244804,0.243248,0.240667,0.237001,0.232187,0.226157,0.21884,0.210161,0.200042,0.188401,0.175152,0.160207,0.143473,0.124856,0.104257,0.0815766,0.0567108,0.0295544,0,
0,0.0121776,0.0243149,0.0363899,0.04838,0.0602612,0.0720092,0.083599,0.0950052,0.106202,0.117164,0.127866,0.138281,0.148383,0.158147,0.167547,0.176556,0.185149,0.193298,0.200976,0.208154,0.214805,0.220898,0.226402,0.231283,0.235507,0.239037,0.241835,0.243858,0.245062,0.245401,0.244824,0.243279,0.240707,0.237049,0.23224,0.226215,0.218901,0.210223,0.200104,0.188461,0.175209,0.160259,0.14352,0.124896,0.10429,0.0816016,0.0567276,0.0295628,0,
0,0.0121579,0.024276,0.0363327,0.0483053,0.0601702,0.0719033,0.0834797,0.0948743,0.106061,0.117016,0.127711,0.138122,0.148223,0.157987,0.167389,0.176402,0.185,0.193157,0.200843,0.208033,0.214695,0.2208,0.226317,0.231212,0.23545,0.238994,0.241805,0.243842,0.245059,0.24541,0.244844,0.243308,0.240745,0.237094,0.232292,0.226271,0.218959,0.210283,0.200163,0.188519,0.175264,0.16031,0.143565,0.124935,0.104322,0.081626,0.056744,0.029571,0,
0,0.0121385,0.0242377,0.0362762,0.0482315,0.0600804,0.0717988,0.0833621,0.0947451,0.105923,0.116869,0.127558,0.137965,0.148064,0.157828,0.167232,0.176249,0.184853,0.193017,0.200713,0.207912,0.214586,0.220703,0.226233,0.231141,0.235393,0.238951,0.241776,0.243825,0.245055,0.245418,0.244863,0.243337,0.240783,0.237139,0.232342,0.226325,0.219017,0.210341,0.200221,0.188575,0.175317,0.160359,0.143609,0.124973,0.104353,0.0816499,0.05676,0.029579,0,
0,0.0121194,0.0241998,0.0362204,0.0481587,0.0599918,0.0716957,0.0832459,0.0946175,0.105785,0.116724,0.127408,0.137811,0.147907,0.157672,0.167078,0.176099,0.184708,0.192879,0.200583,0.207793,0.214477,0.220607,0.226149,0.231071,0.235336,0.238908,0.241746,0.243809,0.245051,0.245426,0.244882,0.243365,0.240819,0.237182,0.232391,0.226378,0.219072,0.210398,0.200278,0.18863,0.175369,0.160407,0.143652,0.12501,0.104384,0.0816731,0.0567756,0.0295868,0,
0,0.0121004,0.0241625,0.0361653,0.0480869,0.0599043,0.0715938,0.0831311,0.0944915,0.10565,0.116581,0.127259,0.137658,0.147753,0.157517,0.166925,0.17595,0.184565,0.192743,0.200456,0.207675,0.21437,0.220512,0.226066,0.231001,0.235279,0.238864,0.241716,0.243791,0.245046,0.245432,0.244899,0.243392,0.240854,0.237224,0.232439,0.22643,0.219127,0.210454,0.200334,0.188684,0.175421,0.160454,0.143695,0.125047,0.104414,0.0816959,0.0567909,0.0295945,0,
0,0.0120818,0.0241256,0.0361109,0.0480159,0.0598179,0.0714932,0.0830179,0.0943672,0.105516,0.116439,0.127112,0.137507,0.1476,0.157365,0.166774,0.175803,0.184423,0.192608,0.200329,0.207558,0.214264,0.220417,0.225984,0.230932,0.235223,0.238821,0.241686,0.243774,0.245041,0.245438,0.244915,0.243417,0.240887,0.237264,0.232485,0.22648,0.219179,0.210508,0.200388,0.188737,0.17547,0.160501,0.143736,0.125082,0.104443,0.0817181,0.0568058,0.0296019,0,
0,0.0120633,0.0240892,0.0360572,0.0479459,0.0597326,0.071394,0.0829061,0.0942444,0.105384,0.1163,0.126967,0.137358,0.147449,0.157214,0.166625,0.175658,0.184283,0.192475,0.200204,0.207442,0.214159,0.220324,0.225903,0.230863,0.235167,0.238778,0.241656,0.243756,0.245035,0.245443,0.24493,0.243442,0.24092,0.237304,0.232529,0.226529,0.219231,0.210561,0.20044,0.188788,0.175519,0.160545,0.143776,0.125117,0.104471,0.0817397,0.0568204,0.0296092,0,
0,0.0120451,0.0240533,0.0360043,0.0478767,0.0596483,0.0712959,0.0827957,0.0941232,0.105254,0.116162,0.126823,0.137211,0.147301,0.157065,0.166478,0.175514,0.184145,0.192343,0.200081,0.207328,0.214055,0.220231,0.225822,0.230795,0.235112,0.238735,0.241625,0.243738,0.245028,0.245448,0.244945,0.243465,0.240951,0.237342,0.232573,0.226576,0.219281,0.210612,0.200491,0.188838,0.175566,0.160589,0.143815,0.125151,0.104499,0.0817609,0.0568346,0.0296163,0,
0,0.0120272,0.0240178,0.0359519,0.0478085,0.0595652,0.0711992,0.0826867,0.0940035,0.105125,0.116026,0.126682,0.137066,0.147153,0.156918,0.166333,0.175372,0.184008,0.192213,0.199958,0.207215,0.213952,0.220139,0.225742,0.230727,0.235056,0.238693,0.241595,0.243719,0.245021,0.245451,0.244958,0.243488,0.240982,0.237379,0.232615,0.226622,0.21933,0.210662,0.200541,0.188887,0.175613,0.160632,0.143854,0.125184,0.104526,0.0817816,0.0568485,0.0296232,0,
0,0.0120094,0.0239828,0.0359003,0.0477411,0.0594831,0.0711036,0.0825791,0.0938853,0.104998,0.115892,0.126542,0.136923,0.147008,0.156773,0.166189,0.175232,0.183873,0.192084,0.199837,0.207103,0.213851,0.220048,0.225663,0.230659,0.235001,0.23865,0.241564,0.243701,0.245014,0.245454,0.244971,0.243509,0.241011,0.237414,0.232656,0.226667,0.219377,0.210711,0.20059,0.188934,0.175658,0.160674,0.143891,0.125216,0.104553,0.0818017,0.0568621,0.02963,0,
0,0.0119919,0.0239482,0.0358493,0.0476745,0.0594021,0.0710093,0.0824728,0.0937687,0.104872,0.115759,0.126404,0.136781,0.146865,0.156629,0.166048,0.175093,0.183739,0.191957,0.199718,0.206992,0.21375,0.219958,0.225584,0.230592,0.234946,0.238607,0.241533,0.243681,0.245006,0.245457,0.244983,0.24353,0.241039,0.237449,0.232696,0.226711,0.219423,0.210758,0.200638,0.18898,0.175702,0.160714,0.143927,0.125248,0.104578,0.0818214,0.0568753,0.0296366,0,
0,0.0119746,0.023914,0.035799,0.0476089,0.0593221,0.0709162,0.0823679,0.0936535,0.104749,0.115628,0.126268,0.136641,0.146723,0.156487,0.165908,0.174957,0.183607,0.191831,0.1996,0.206883,0.21365,0.219869,0.225506,0.230526,0.234892,0.238564,0.241502,0.243662,0.244997,0.245458,0.244994,0.243549,0.241066,0.237482,0.232734,0.226753,0.219468,0.210804,0.200684,0.189025,0.175745,0.160754,0.143963,0.125278,0.104604,0.0818406,0.0568882,0.0296431,0,
0,0.0119575,0.0238803,0.0357493,0.047544,0.0592431,0.0708243,0.0822644,0.0935397,0.104626,0.115499,0.126133,0.136503,0.146583,0.156347,0.165769,0.174821,0.183477,0.191707,0.199483,0.206775,0.213551,0.21978,0.225428,0.23046,0.234837,0.238521,0.241471,0.243642,0.244988,0.245459,0.245004,0.243568,0.241092,0.237515,0.232771,0.226794,0.219512,0.210849,0.200729,0.189069,0.175786,0.160793,0.143998,0.125308,0.104628,0.0818594,0.0569008,0.0296494,0,
0,0.0119407,0.0238471,0.0357002,0.04748,0.0591651,0.0707335,0.0821621,0.0934274,0.104505,0.115371,0.126,0.136367,0.146445,0.156209,0.165632,0.174688,0.183348,0.191584,0.199367,0.206667,0.213453,0.219693,0.225352,0.230394,0.234783,0.238479,0.24144,0.243622,0.244978,0.24546,0.245014,0.243586,0.241117,0.237546,0.232807,0.226834,0.219554,0.210893,0.200773,0.189112,0.175827,0.16083,0.144032,0.125337,0.104652,0.0818776,0.0569131,0.0296555,0,
0,0.0119241,0.0238142,0.0356518,0.0474168,0.0590881,0.0706438,0.0820611,0.0933165,0.104386,0.115245,0.125869,0.136232,0.146308,0.156072,0.165497,0.174556,0.18322,0.191462,0.199253,0.206561,0.213356,0.219606,0.225275,0.230329,0.234729,0.238436,0.241408,0.243601,0.244968,0.245459,0.245023,0.243603,0.241141,0.237576,0.232842,0.226873,0.219595,0.210935,0.200815,0.189154,0.175867,0.160867,0.144065,0.125366,0.104676,0.0818955,0.0569251,0.0296615,0,
0,0.0119076,0.0237818,0.035604,0.0473544,0.0590121,0.0705554,0.0819614,0.093207,0.104268,0.115121,0.125739,0.136099,0.146173,0.155937,0.165363,0.174425,0.183094,0.191342,0.199139,0.206456,0.21326,0.21952,0.2252,0.230264,0.234675,0.238394,0.241377,0.24358,0.244958,0.245459,0.245031,0.243619,0.241164,0.237605,0.232876,0.22691,0.219635,0.210977,0.200857,0.189195,0.175906,0.160903,0.144097,0.125394,0.104698,0.0819129,0.0569368,0.0296674,0,
0,0.0118914,0.0237498,0.0355568,0.0472928,0.0589371,0.070468,0.081863,0.0930989,0.104152,0.114998,0.125611,0.135967,0.14604,0.155804,0.165231,0.174296,0.182969,0.191223,0.199027,0.206352,0.213165,0.219434,0.225125,0.2302,0.234622,0.238351,0.241345,0.243559,0.244947,0.245457,0.245038,0.243634,0.241186,0.237633,0.232909,0.226946,0.219674,0.211017,0.200897,0.189234,0.175943,0.160938,0.144128,0.125421,0.104721,0.0819298,0.0569482,0.0296731,0,
0,0.0118754,0.0237182,0.0355102,0.0472319,0.058863,0.0703817,0.0817658,0.0929922,0.104037,0.114876,0.125485,0.135837,0.145909,0.155672,0.165101,0.174168,0.182846,0.191105,0.198917,0.206249,0.213071,0.21935,0.22505,0.230136,0.234569,0.238309,0.241313,0.243538,0.244935,0.245455,0.245044,0.243648,0.241207,0.23766,0.23294,0.226982,0.219712,0.211056,0.200936,0.189273,0.17598,0.160972,0.144159,0.125447,0.104742,0.0819464,0.0569593,0.0296786,0,
0,0.0118596,0.023687,0.0354641,0.0471719,0.0587898,0.0702965,0.0816699,0.0928867,0.103924,0.114756,0.12536,0.135709,0.145778,0.155542,0.164972,0.174042,0.182724,0.190989,0.198807,0.206147,0.212978,0.219266,0.224976,0.230072,0.234516,0.238266,0.241282,0.243516,0.244923,0.245452,0.24505,0.243662,0.241227,0.237685,0.232971,0.227016,0.219748,0.211094,0.200975,0.18931,0.176016,0.161005,0.144188,0.125473,0.104763,0.0819625,0.0569701,0.0296841,0,
0,0.011844,0.0236562,0.0354187,0.0471126,0.0587176,0.0702124,0.0815751,0.0927826,0.103812,0.114638,0.125236,0.135582,0.14565,0.155413,0.164845,0.173918,0.182604,0.190874,0.198698,0.206046,0.212886,0.219183,0.224903,0.230009,0.234463,0.238224,0.24125,0.243494,0.244911,0.245449,0.245055,0.243674,0.241247,0.23771,0.233001,0.227049,0.219784,0.211131,0.201012,0.189346,0.176051,0.161037,0.144217,0.125498,0.104784,0.0819782,0.0569807,0.0296894,0,
0,0.0118286,0.0236257,0.0353738,0.047054,0.0586462,0.0701294,0.0814815,0.0926798,0.103701,0.114521,0.125114,0.135457,0.145523,0.155286,0.164719,0.173795,0.182485,0.19076,0.198591,0.205947,0.212794,0.2191,0.22483,0.229946,0.23441,0.238182,0.241217,0.243472,0.244898,0.245445,0.24506,0.243686,0.241265,0.237734,0.233029,0.227081,0.219818,0.211166,0.201048,0.189382,0.176084,0.161069,0.144246,0.125522,0.104804,0.0819936,0.056991,0.0296945,0,
0,0.0118134,0.0235957,0.0353295,0.0469962,0.0585758,0.0700474,0.0813891,0.0925783,0.103592,0.114405,0.124994,0.135333,0.145398,0.15516,0.164595,0.173673,0.182367,0.190648,0.198485,0.205848,0.212703,0.219019,0.224758,0.229884,0.234358,0.238139,0.241185,0.24345,0.244885,0.245441,0.245064,0.243697,0.241282,0.237757,0.233057,0.227112,0.219852,0.211201,0.201083,0.189416,0.176117,0.161099,0.144273,0.125546,0.104824,0.0820085,0.0570011,0.0296995,0,
0,0.0117984,0.023566,0.0352858,0.0469391,0.0585063,0.0699664,0.0812979,0.0924781,0.103484,0.114291,0.124875,0.135211,0.145274,0.155036,0.164472,0.173552,0.18225,0.190536,0.19838,0.20575,0.212614,0.218938,0.224686,0.229822,0.234306,0.238097,0.241153,0.243427,0.244872,0.245436,0.245067,0.243707,0.241299,0.237779,0.233083,0.227142,0.219884,0.211235,0.201117,0.18945,0.176149,0.161129,0.1443,0.125569,0.104843,0.082023,0.0570108,0.0297044,0,
0,0.0117835,0.0235368,0.0352426,0.0468828,0.0584376,0.0698865,0.0812078,0.092379,0.103377,0.114178,0.124758,0.135091,0.145151,0.154913,0.16435,0.173433,0.182135,0.190426,0.198276,0.205653,0.212525,0.218857,0.224615,0.22976,0.234254,0.238055,0.24112,0.243404,0.244858,0.24543,0.245069,0.243717,0.241315,0.237801,0.233109,0.227171,0.219915,0.211268,0.20115,0.189483,0.176181,0.161158,0.144326,0.125592,0.104861,0.0820372,0.0570204,0.0297092,0,
0,0.0117689,0.0235078,0.0352,0.0468271,0.0583698,0.0698075,0.0811188,0.0922813,0.103272,0.114067,0.124642,0.134971,0.14503,0.154792,0.16423,0.173316,0.182021,0.190317,0.198173,0.205557,0.212437,0.218778,0.224544,0.229699,0.234202,0.238013,0.241088,0.243381,0.244843,0.245425,0.245071,0.243726,0.24133,0.237821,0.233133,0.227199,0.219946,0.211299,0.201182,0.189514,0.176211,0.161187,0.144351,0.125614,0.104879,0.082051,0.0570297,0.0297138,0,
0,0.0117544,0.0234793,0.0351579,0.0467722,0.0583028,0.0697295,0.0810309,0.0921847,0.103168,0.113957,0.124527,0.134854,0.144911,0.154672,0.164111,0.173199,0.181909,0.190209,0.198071,0.205462,0.212349,0.218699,0.224474,0.229638,0.234151,0.237971,0.241055,0.243357,0.244829,0.245418,0.245072,0.243734,0.241344,0.23784,0.233157,0.227226,0.219975,0.21133,0.201214,0.189545,0.176241,0.161214,0.144376,0.125635,0.104897,0.0820644,0.0570387,0.0297184,0,
0,0.0117402,0.0234511,0.0351163,0.0467179,0.0582367,0.0696525,0.0809441,0.0920893,0.103065,0.113848,0.124414,0.134737,0.144793,0.154554,0.163994,0.173084,0.181797,0.190103,0.19797,0.205368,0.212263,0.21862,0.224404,0.229577,0.234099,0.237929,0.241023,0.243334,0.244813,0.245411,0.245073,0.243741,0.241357,0.237859,0.23318,0.227252,0.220003,0.21136,0.201244,0.189575,0.176269,0.161241,0.1444,0.125656,0.104914,0.0820775,0.0570475,0.0297228,0,
0,0.0117261,0.0234233,0.0350753,0.0466643,0.0581714,0.0695765,0.0808584,0.0919951,0.102964,0.113741,0.124302,0.134622,0.144676,0.154437,0.163878,0.172971,0.181687,0.189997,0.19787,0.205275,0.212177,0.218543,0.224335,0.229517,0.234048,0.237887,0.24099,0.24331,0.244798,0.245404,0.245073,0.243748,0.24137,0.237876,0.233202,0.227277,0.220031,0.211389,0.201273,0.189604,0.176297,0.161267,0.144424,0.125676,0.104931,0.0820903,0.0570561,0.029727,0,
0,0.0117122,0.0233958,0.0350347,0.0466114,0.058107,0.0695014,0.0807738,0.0919021,0.102864,0.113635,0.124192,0.134509,0.144561,0.154321,0.163763,0.172858,0.181578,0.189893,0.197772,0.205183,0.212092,0.218465,0.224267,0.229457,0.233997,0.237845,0.240957,0.243285,0.244782,0.245396,0.245072,0.243754,0.241382,0.237893,0.233223,0.227301,0.220058,0.211417,0.201302,0.189632,0.176324,0.161292,0.144446,0.125696,0.104947,0.0821027,0.0570644,0.0297312,0,
0,0.0116984,0.0233687,0.0349947,0.0465592,0.0580433,0.0694273,0.0806902,0.0918102,0.102765,0.11353,0.124082,0.134397,0.144447,0.154207,0.16365,0.172747,0.181471,0.18979,0.197674,0.205091,0.212008,0.218389,0.224198,0.229398,0.233947,0.237804,0.240924,0.243261,0.244766,0.245387,0.245071,0.243759,0.241393,0.237909,0.233243,0.227325,0.220083,0.211444,0.20133,0.18966,0.17635,0.161316,0.144468,0.125715,0.104963,0.0821147,0.0570725,0.0297353,0,
0,0.0116849,0.0233419,0.0349552,0.0465076,0.0579804,0.069354,0.0806076,0.0917195,0.102667,0.113427,0.123975,0.134286,0.144334,0.154094,0.163538,0.172637,0.181364,0.189688,0.197577,0.205001,0.211924,0.218313,0.224131,0.229339,0.233896,0.237762,0.240891,0.243236,0.24475,0.245378,0.245069,0.243764,0.241403,0.237925,0.233262,0.227347,0.220108,0.21147,0.201356,0.189686,0.176376,0.16134,0.14449,0.125734,0.104978,0.0821265,0.0570804,0.0297392,0,
0,0.0116715,0.0233154,0.0349162,0.0464566,0.0579183,0.0692817,0.0805261,0.0916299,0.10257,0.113325,0.123868,0.134176,0.144223,0.153982,0.163427,0.172529,0.181259,0.189586,0.197481,0.204911,0.211842,0.218238,0.224064,0.22928,0.233846,0.23772,0.240858,0.243212,0.244733,0.245369,0.245067,0.243768,0.241413,0.237939,0.233281,0.227369,0.220132,0.211496,0.201382,0.189712,0.176401,0.161363,0.144511,0.125752,0.104993,0.0821379,0.0570881,0.0297431,0,
0,0.0116582,0.0232893,0.0348776,0.0464063,0.057857,0.0692103,0.0804456,0.0915413,0.102475,0.113224,0.123763,0.134068,0.144113,0.153872,0.163317,0.172421,0.181154,0.189486,0.197387,0.204822,0.21176,0.218163,0.223997,0.229221,0.233796,0.237679,0.240825,0.243187,0.244716,0.245359,0.245064,0.243771,0.241422,0.237953,0.233298,0.22739,0.220155,0.21152,0.201407,0.189737,0.176425,0.161386,0.144531,0.12577,0.105008,0.082149,0.0570956,0.0297468,0,
0,0.0116452,0.0232635,0.0348396,0.0463566,0.0577965,0.0691398,0.080366,0.0914539,0.102381,0.113124,0.123659,0.133961,0.144004,0.153763,0.163209,0.172315,0.181051,0.189387,0.197293,0.204734,0.211678,0.21809,0.223931,0.229163,0.233746,0.237637,0.240791,0.243161,0.244698,0.245349,0.24506,0.243774,0.24143,0.237966,0.233315,0.22741,0.220177,0.211544,0.201432,0.189761,0.176448,0.161408,0.144551,0.125787,0.105022,0.0821598,0.0571028,0.0297504,0,
0,0.0116323,0.023238,0.034802,0.0463076,0.0577367,0.0690701,0.0802875,0.0913675,0.102288,0.113025,0.123556,0.133855,0.143897,0.153655,0.163102,0.17221,0.180949,0.189289,0.1972,0.204647,0.211598,0.218016,0.223865,0.229105,0.233696,0.237596,0.240758,0.243136,0.24468,0.245339,0.245056,0.243776,0.241438,0.237978,0.233331,0.227429,0.220199,0.211567,0.201455,0.189784,0.176471,0.161429,0.14457,0.125803,0.105035,0.0821702,0.0571099,0.0297539,0,
0,0.0116195,0.0232128,0.0347649,0.0462591,0.0576776,0.0690013,0.0802099,0.0912822,0.102196,0.112928,0.123455,0.133751,0.143791,0.153548,0.162996,0.172106,0.180848,0.189193,0.197108,0.204561,0.211518,0.217943,0.2238,0.229048,0.233647,0.237554,0.240724,0.24311,0.244662,0.245328,0.245052,0.243778,0.241445,0.23799,0.233347,0.227447,0.220219,0.211589,0.201478,0.189807,0.176493,0.161449,0.144588,0.125819,0.105049,0.0821804,0.0571168,0.0297574,0,
0,0.0116069,0.023188,0.0347282,0.0462112,0.0576193,0.0689333,0.0801333,0.0911979,0.102105,0.112832,0.123354,0.133648,0.143686,0.153443,0.162892,0.172003,0.180748,0.189097,0.197017,0.204475,0.211439,0.217871,0.223735,0.228991,0.233598,0.237513,0.240691,0.243085,0.244644,0.245316,0.245047,0.243779,0.241451,0.238,0.233361,0.227465,0.220239,0.21161,0.2015,0.189829,0.176514,0.161469,0.144607,0.125835,0.105062,0.0821903,0.0571234,0.0297607,0,
0,0.0115945,0.0231635,0.034692,0.046164,0.0575617,0.0688662,0.0800575,0.0911147,0.102015,0.112737,0.123255,0.133546,0.143582,0.153339,0.162788,0.171901,0.180649,0.189002,0.196926,0.204391,0.21136,0.217799,0.22367,0.228934,0.233549,0.237472,0.240657,0.243059,0.244625,0.245304,0.245042,0.243779,0.241456,0.23801,0.233375,0.227482,0.220258,0.211631,0.201521,0.18985,0.176535,0.161489,0.144624,0.12585,0.105074,0.0821999,0.0571299,0.0297639,0,
0,0.0115823,0.0231392,0.0346563,0.0461173,0.0575047,0.0687999,0.0799828,0.0910324,0.101927,0.112643,0.123157,0.133445,0.14348,0.153236,0.162686,0.171801,0.180552,0.188908,0.196837,0.204307,0.211283,0.217728,0.223606,0.228877,0.2335,0.23743,0.240624,0.243032,0.244606,0.245292,0.245036,0.243779,0.241461,0.23802,0.233388,0.227498,0.220277,0.21165,0.201542,0.189871,0.176554,0.161507,0.144641,0.125865,0.105086,0.0822092,0.0571362,0.0297671,0,
0,0.0115701,0.0231153,0.034621,0.0460712,0.0574485,0.0687344,0.0799089,0.0909512,0.101839,0.11255,0.12306,0.133345,0.143378,0.153134,0.162585,0.171701,0.180455,0.188815,0.196749,0.204224,0.211206,0.217658,0.223543,0.228821,0.233451,0.237389,0.24059,0.243006,0.244587,0.24528,0.245029,0.243778,0.241466,0.238029,0.233401,0.227513,0.220294,0.211669,0.201562,0.189891,0.176574,0.161525,0.144657,0.125879,0.105098,0.0822183,0.0571422,0.0297701,0,
0,0.0115582,0.0230917,0.0345861,0.0460256,0.057393,0.0686697,0.0798359,0.0908709,0.101753,0.112459,0.122965,0.133247,0.143278,0.153033,0.162484,0.171603,0.180359,0.188722,0.196661,0.204141,0.211129,0.217588,0.22348,0.228765,0.233402,0.237348,0.240556,0.24298,0.244567,0.245267,0.245023,0.243777,0.24147,0.238037,0.233412,0.227528,0.220311,0.211688,0.201581,0.18991,0.176592,0.161543,0.144673,0.125893,0.10511,0.0822271,0.0571482,0.0297731,0,
0,0.0115463,0.0230683,0.0345517,0.0459807,0.0573382,0.0686058,0.0797638,0.0907916,0.101667,0.112368,0.12287,0.133149,0.143179,0.152934,0.162385,0.171505,0.180264,0.188631,0.196574,0.20406,0.211053,0.217518,0.223417,0.228709,0.233354,0.237307,0.240523,0.242953,0.244548,0.245253,0.245015,0.243775,0.241473,0.238044,0.233423,0.227542,0.220327,0.211705,0.201599,0.189928,0.17661,0.16156,0.144689,0.125907,0.105121,0.0822356,0.0571539,0.0297759,0,
0,0.0115347,0.0230452,0.0345176,0.0459362,0.057284,0.0685427,0.0796926,0.0907133,0.101583,0.112279,0.122777,0.133053,0.143081,0.152835,0.162288,0.171409,0.180171,0.188541,0.196488,0.203979,0.210978,0.217449,0.223355,0.228654,0.233306,0.237266,0.240489,0.242926,0.244528,0.24524,0.245008,0.243773,0.241475,0.238051,0.233434,0.227555,0.220343,0.211722,0.201617,0.189946,0.176628,0.161576,0.144704,0.12592,0.105131,0.0822438,0.0571594,0.0297787,0,
0,0.0115231,0.0230225,0.034484,0.0458924,0.0572305,0.0684803,0.0796223,0.0906359,0.101499,0.11219,0.122685,0.132958,0.142985,0.152738,0.162191,0.171314,0.180078,0.188452,0.196403,0.203899,0.210904,0.217381,0.223293,0.228599,0.233258,0.237225,0.240455,0.242899,0.244507,0.245226,0.245,0.24377,0.241477,0.238057,0.233443,0.227567,0.220357,0.211739,0.201634,0.189964,0.176645,0.161592,0.144718,0.125932,0.105142,0.0822518,0.0571648,0.0297814,0,
0,0.0115118,0.023,0.0344509,0.045849,0.0571777,0.0684187,0.0795528,0.0905594,0.101417,0.112103,0.122593,0.132864,0.142889,0.152642,0.162095,0.17122,0.179986,0.188363,0.196319,0.203819,0.21083,0.217313,0.223231,0.228544,0.23321,0.237184,0.240421,0.242872,0.244487,0.245211,0.244991,0.243767,0.241479,0.238063,0.233453,0.227579,0.220371,0.211754,0.20165,0.18998,0.176661,0.161608,0.144732,0.125944,0.105152,0.0822596,0.0571701,0.029784,0,
0,0.0115005,0.0229778,0.0344181,0.0458062,0.0571255,0.0683578,0.0794841,0.0904838,0.101335,0.112016,0.122503,0.132771,0.142794,0.152547,0.162,0.171126,0.179895,0.188276,0.196235,0.203741,0.210756,0.217246,0.22317,0.22849,0.233162,0.237144,0.240387,0.242845,0.244466,0.245197,0.244982,0.243763,0.24148,0.238068,0.233461,0.227591,0.220385,0.211769,0.201666,0.189996,0.176677,0.161622,0.144746,0.125956,0.105162,0.0822671,0.0571751,0.0297866,0,
0,0.0114894,0.0229558,0.0343857,0.0457639,0.0570739,0.0682977,0.0794163,0.0904092,0.101255,0.111931,0.122414,0.132679,0.142701,0.152453,0.161907,0.171034,0.179805,0.188189,0.196153,0.203663,0.210684,0.217179,0.22311,0.228436,0.233115,0.237103,0.240353,0.242818,0.244445,0.245182,0.244973,0.243759,0.24148,0.238072,0.233469,0.227601,0.220398,0.211783,0.201681,0.190012,0.176692,0.161637,0.144759,0.125968,0.105171,0.0822743,0.05718,0.029789,0,
0,0.0114784,0.0229341,0.0343537,0.0457221,0.0570229,0.0682383,0.0793492,0.0903354,0.101175,0.111847,0.122326,0.132588,0.142608,0.152359,0.161814,0.170943,0.179716,0.188103,0.196071,0.203585,0.210612,0.217113,0.223049,0.228382,0.233068,0.237062,0.240319,0.24279,0.244424,0.245166,0.244963,0.243754,0.24148,0.238076,0.233476,0.227611,0.22041,0.211797,0.201696,0.190026,0.176706,0.16165,0.144771,0.125979,0.10518,0.0822813,0.0571847,0.0297914,0,
0,0.0114676,0.0229127,0.0343221,0.0456808,0.0569726,0.0681797,0.079283,0.0902625,0.101097,0.111763,0.122239,0.132499,0.142517,0.152267,0.161722,0.170852,0.179628,0.188018,0.19599,0.203509,0.21054,0.217047,0.22299,0.228328,0.233021,0.237022,0.240285,0.242762,0.244402,0.245151,0.244953,0.243749,0.241479,0.238079,0.233483,0.227621,0.220421,0.21181,0.20171,0.190041,0.17672,0.161664,0.144783,0.125989,0.105189,0.0822881,0.0571893,0.0297937,0,
0,0.0114569,0.0228916,0.0342909,0.0456401,0.0569229,0.0681217,0.0792176,0.0901905,0.101019,0.111681,0.122153,0.13241,0.142427,0.152176,0.161631,0.170763,0.179541,0.187934,0.195909,0.203433,0.210469,0.216981,0.22293,0.228275,0.232974,0.236981,0.240251,0.242735,0.24438,0.245135,0.244942,0.243744,0.241478,0.238082,0.233489,0.227629,0.220432,0.211822,0.201723,0.190054,0.176734,0.161677,0.144795,0.126,0.105198,0.0822947,0.0571937,0.0297959,0,
0,0.0114463,0.0228707,0.0342601,0.0455998,0.0568737,0.0680644,0.0791529,0.0901193,0.100942,0.1116,0.122068,0.132322,0.142337,0.152086,0.161542,0.170675,0.179455,0.18785,0.195829,0.203358,0.210399,0.216916,0.222871,0.228222,0.232927,0.236941,0.240217,0.242707,0.244358,0.245119,0.244931,0.243738,0.241477,0.238084,0.233494,0.227638,0.220442,0.211834,0.201736,0.190067,0.176747,0.161689,0.144807,0.12601,0.105206,0.082301,0.057198,0.029798,0,
0,0.0114359,0.02285,0.0342296,0.04556,0.0568252,0.0680078,0.0790891,0.090049,0.100866,0.111519,0.121983,0.132235,0.142249,0.151997,0.161453,0.170587,0.179369,0.187768,0.195751,0.203283,0.210329,0.216852,0.222812,0.228169,0.23288,0.2369,0.240183,0.242679,0.244336,0.245102,0.24492,0.243731,0.241474,0.238086,0.233499,0.227645,0.220452,0.211845,0.201748,0.19008,0.176759,0.161701,0.144818,0.126019,0.105214,0.0823071,0.0572021,0.0298001,0,
0,0.0114255,0.0228297,0.0341995,0.0455207,0.0567773,0.0679519,0.0790259,0.0899795,0.100791,0.11144,0.1219,0.132149,0.142161,0.151909,0.161365,0.1705,0.179285,0.187686,0.195672,0.203209,0.21026,0.216788,0.222754,0.228117,0.232834,0.23686,0.240149,0.242651,0.244314,0.245085,0.244908,0.243724,0.241472,0.238087,0.233504,0.227652,0.220461,0.211856,0.20176,0.190092,0.176771,0.161712,0.144828,0.126028,0.105222,0.082313,0.0572061,0.0298021,0,
0,0.0114153,0.0228095,0.0341698,0.0454818,0.0567299,0.0678966,0.0789636,0.0899108,0.100717,0.111361,0.121818,0.132065,0.142075,0.151822,0.161278,0.170415,0.179201,0.187605,0.195595,0.203136,0.210191,0.216724,0.222696,0.228065,0.232788,0.23682,0.240115,0.242622,0.244292,0.245068,0.244896,0.243717,0.241469,0.238088,0.233508,0.227659,0.22047,0.211866,0.201771,0.190104,0.176783,0.161723,0.144838,0.126037,0.105229,0.0823187,0.05721,0.029804,0,
0,0.0114053,0.0227896,0.0341404,0.0454435,0.0566831,0.067842,0.0789019,0.0898429,0.100644,0.111283,0.121737,0.131981,0.141989,0.151736,0.161192,0.17033,0.179118,0.187525,0.195518,0.203063,0.210123,0.216661,0.222638,0.228013,0.232742,0.23678,0.240081,0.242594,0.244269,0.245051,0.244884,0.243709,0.241465,0.238088,0.233511,0.227665,0.220478,0.211876,0.201781,0.190115,0.176794,0.161734,0.144848,0.126046,0.105236,0.0823242,0.0572137,0.0298058,0,
0,0.0113953,0.02277,0.0341114,0.0454056,0.0566368,0.0677881,0.078841,0.0897758,0.100572,0.111206,0.121656,0.131898,0.141905,0.151651,0.161107,0.170246,0.179036,0.187446,0.195442,0.202991,0.210056,0.216599,0.222581,0.227961,0.232696,0.23674,0.240046,0.242566,0.244246,0.245033,0.244871,0.243701,0.241461,0.238088,0.233514,0.22767,0.220485,0.211885,0.201791,0.190125,0.176804,0.161744,0.144857,0.126054,0.105243,0.0823295,0.0572172,0.0298076,0,
0,0.0113855,0.0227505,0.0340827,0.0453681,0.0565911,0.0677348,0.0787808,0.0897095,0.1005,0.11113,0.121577,0.131816,0.141821,0.151566,0.161023,0.170163,0.178954,0.187367,0.195367,0.202919,0.209989,0.216537,0.222524,0.22791,0.23265,0.2367,0.240012,0.242537,0.244223,0.245016,0.244859,0.243693,0.241457,0.238087,0.233516,0.227675,0.220492,0.211893,0.201801,0.190135,0.176814,0.161754,0.144866,0.126062,0.10525,0.0823346,0.0572207,0.0298093,0,
0,0.0113758,0.0227313,0.0340544,0.0453311,0.0565459,0.0676821,0.0787213,0.089644,0.100429,0.111055,0.121499,0.131735,0.141738,0.151483,0.16094,0.17008,0.178874,0.187289,0.195292,0.202848,0.209922,0.216475,0.222468,0.227859,0.232605,0.23666,0.239978,0.242508,0.2442,0.244997,0.244845,0.243684,0.241452,0.238086,0.233518,0.22768,0.220499,0.211901,0.20181,0.190145,0.176824,0.161763,0.144875,0.12607,0.105256,0.0823395,0.057224,0.029811,0,
0,0.0113662,0.0227124,0.0340264,0.0452945,0.0565013,0.06763,0.0786625,0.0895792,0.100359,0.110981,0.121421,0.131655,0.141657,0.1514,0.160857,0.169999,0.178794,0.187212,0.195218,0.202778,0.209856,0.216414,0.222411,0.227808,0.232559,0.23662,0.239944,0.24248,0.244176,0.244979,0.244832,0.243675,0.241447,0.238084,0.233519,0.227684,0.220505,0.211909,0.201818,0.190154,0.176833,0.161772,0.144883,0.126077,0.105262,0.0823442,0.0572271,0.0298126,0,
0,0.0113567,0.0226936,0.0339988,0.0452584,0.0564572,0.0675786,0.0786044,0.0895152,0.10029,0.110908,0.121344,0.131575,0.141576,0.151319,0.160776,0.169918,0.178715,0.187135,0.195145,0.202708,0.209791,0.216353,0.222356,0.227757,0.232514,0.236581,0.23991,0.242451,0.244153,0.244961,0.244818,0.243665,0.241441,0.238082,0.23352,0.227687,0.22051,0.211916,0.201826,0.190162,0.176842,0.161781,0.144891,0.126084,0.105268,0.0823487,0.0572302,0.0298141,0,
0,0.0113473,0.0226751,0.0339714,0.0452226,0.0564136,0.0675277,0.078547,0.0894519,0.100222,0.110835,0.121268,0.131497,0.141496,0.151238,0.160695,0.169838,0.178637,0.18706,0.195072,0.202639,0.209726,0.216293,0.2223,0.227707,0.232469,0.236541,0.239875,0.242422,0.244129,0.244942,0.244804,0.243655,0.241435,0.238079,0.233521,0.22769,0.220515,0.211922,0.201834,0.190171,0.17685,0.161789,0.144899,0.126091,0.105274,0.082353,0.0572331,0.0298156,0,
0,0.0113381,0.0226568,0.0339444,0.0451874,0.0563706,0.0674775,0.0784902,0.0893893,0.100154,0.110763,0.121193,0.131419,0.141416,0.151158,0.160615,0.169759,0.17856,0.186984,0.195,0.202571,0.209661,0.216233,0.222245,0.227657,0.232424,0.236502,0.239841,0.242393,0.244105,0.244923,0.244789,0.243645,0.241429,0.238076,0.233521,0.227692,0.22052,0.211928,0.201841,0.190178,0.176858,0.161796,0.144906,0.126097,0.105279,0.0823572,0.0572359,0.029817,0,
0,0.0113289,0.0226388,0.0339177,0.0451525,0.056328,0.0674278,0.0784341,0.0893275,0.100088,0.110692,0.121119,0.131343,0.141338,0.151079,0.160536,0.169681,0.178483,0.18691,0.194928,0.202503,0.209597,0.216173,0.22219,0.227607,0.232379,0.236462,0.239807,0.242364,0.244081,0.244903,0.244774,0.243635,0.241422,0.238073,0.23352,0.227694,0.220524,0.211934,0.201848,0.190186,0.176866,0.161804,0.144913,0.126103,0.105284,0.0823611,0.0572386,0.0298183,0,
0,0.0113199,0.0226209,0.0338914,0.045118,0.0562859,0.0673787,0.0783786,0.0892664,0.100022,0.110622,0.121045,0.131267,0.141261,0.151,0.160458,0.169604,0.178407,0.186836,0.194858,0.202436,0.209534,0.216114,0.222136,0.227557,0.232335,0.236423,0.239773,0.242335,0.244057,0.244884,0.244759,0.243624,0.241415,0.238069,0.233519,0.227696,0.220527,0.211939,0.201854,0.190192,0.176873,0.161811,0.144919,0.126109,0.105289,0.0823649,0.0572412,0.0298196,0,
0,0.011311,0.0226033,0.0338653,0.0450839,0.0562443,0.0673302,0.0783238,0.089206,0.0999562,0.110553,0.120973,0.131192,0.141184,0.150923,0.16038,0.169527,0.178332,0.186763,0.194787,0.202369,0.209471,0.216055,0.222081,0.227508,0.232291,0.236383,0.239739,0.242306,0.244032,0.244864,0.244744,0.243612,0.241408,0.238065,0.233518,0.227697,0.22053,0.211943,0.201859,0.190199,0.17688,0.161817,0.144925,0.126115,0.105294,0.0823686,0.0572436,0.0298208,0,
0,0.0113021,0.0225858,0.0338396,0.0450503,0.0562033,0.0672823,0.0782696,0.0891462,0.0998917,0.110484,0.120901,0.131117,0.141108,0.150846,0.160304,0.169451,0.178258,0.186691,0.194718,0.202302,0.209408,0.215997,0.222028,0.227459,0.232246,0.236344,0.239704,0.242276,0.244008,0.244844,0.244729,0.243601,0.2414,0.23806,0.233516,0.227698,0.220533,0.211948,0.201865,0.190205,0.176886,0.161824,0.144931,0.12612,0.105298,0.082372,0.057246,0.029822,0,
0,0.0112934,0.0225686,0.0338141,0.045017,0.0561626,0.0672349,0.078216,0.0890872,0.0998278,0.110416,0.12083,0.131044,0.141033,0.15077,0.160228,0.169376,0.178184,0.18662,0.194649,0.202237,0.209346,0.215939,0.221974,0.22741,0.232202,0.236305,0.23967,0.242247,0.243983,0.244824,0.244713,0.243589,0.241391,0.238055,0.233514,0.227698,0.220535,0.211951,0.20187,0.19021,0.176892,0.16183,0.144937,0.126125,0.105302,0.0823753,0.0572482,0.0298231,0,
0,0.0112848,0.0225515,0.033789,0.0449841,0.0561225,0.067188,0.0781631,0.0890288,0.0997647,0.110349,0.12076,0.130971,0.140959,0.150695,0.160153,0.169302,0.178111,0.186548,0.19458,0.202171,0.209285,0.215881,0.221921,0.227361,0.232159,0.236266,0.239636,0.242218,0.243959,0.244804,0.244697,0.243577,0.241383,0.23805,0.233512,0.227698,0.220537,0.211955,0.201874,0.190216,0.176897,0.161835,0.144942,0.12613,0.105306,0.0823785,0.0572504,0.0298242,0,
0,0.0112763,0.0225347,0.0337641,0.0449516,0.0560828,0.0671417,0.0781107,0.088971,0.0997023,0.110283,0.12069,0.130899,0.140885,0.150621,0.160078,0.169228,0.178039,0.186478,0.194513,0.202107,0.209224,0.215824,0.221868,0.227313,0.232115,0.236227,0.239602,0.242188,0.243934,0.244784,0.24468,0.243565,0.241374,0.238044,0.233509,0.227697,0.220538,0.211958,0.201878,0.19022,0.176903,0.16184,0.144947,0.126134,0.10531,0.0823815,0.0572524,0.0298252,0,
0,0.0112679,0.0225181,0.0337395,0.0449195,0.0560436,0.0670959,0.078059,0.0889139,0.0996406,0.110217,0.120621,0.130828,0.140813,0.150548,0.160005,0.169155,0.177967,0.186408,0.194445,0.202043,0.209163,0.215767,0.221815,0.227265,0.232071,0.236188,0.239568,0.242159,0.243909,0.244763,0.244664,0.243552,0.241365,0.238038,0.233505,0.227696,0.220539,0.21196,0.201882,0.190225,0.176907,0.161845,0.144952,0.126139,0.105314,0.0823843,0.0572543,0.0298261,0,
0,0.0112596,0.0225016,0.0337152,0.0448877,0.0560048,0.0670506,0.0780078,0.0888575,0.0995796,0.110153,0.120553,0.130758,0.140741,0.150475,0.159932,0.169083,0.177896,0.186339,0.194379,0.201979,0.209103,0.215711,0.221763,0.227217,0.232028,0.23615,0.239533,0.242129,0.243884,0.244742,0.244647,0.243539,0.241355,0.238032,0.233502,0.227695,0.22054,0.211962,0.201885,0.190229,0.176912,0.16185,0.144957,0.126143,0.105317,0.082387,0.0572561,0.0298271,0,
0,0.0112513,0.0224854,0.0336912,0.0448564,0.0559665,0.0670059,0.0779572,0.0888017,0.0995193,0.110088,0.120486,0.130688,0.140669,0.150403,0.15986,0.169011,0.177826,0.186271,0.194313,0.201916,0.209043,0.215655,0.221711,0.227169,0.231985,0.236111,0.239499,0.2421,0.243859,0.244721,0.24463,0.243526,0.241345,0.238025,0.233497,0.227693,0.22054,0.211964,0.201888,0.190233,0.176916,0.161854,0.144961,0.126147,0.105321,0.0823895,0.0572578,0.0298279,0,
0,0.0112432,0.0224693,0.0336675,0.0448253,0.0559286,0.0669616,0.0779072,0.0887465,0.0994596,0.110025,0.12042,0.130619,0.140599,0.150331,0.159788,0.16894,0.177756,0.186203,0.194247,0.201853,0.208984,0.215599,0.22166,0.227122,0.231942,0.236072,0.239465,0.24207,0.243833,0.2447,0.244613,0.243512,0.241335,0.238018,0.233493,0.227691,0.22054,0.211965,0.201891,0.190236,0.17692,0.161858,0.144965,0.12615,0.105324,0.0823919,0.0572595,0.0298287,0,
0,0.0112352,0.0224534,0.0336441,0.0447947,0.0558912,0.0669179,0.0778577,0.0886919,0.0994006,0.109962,0.120354,0.130551,0.140529,0.150261,0.159718,0.16887,0.177687,0.186136,0.194182,0.201791,0.208925,0.215544,0.221608,0.227075,0.231899,0.236034,0.239431,0.24204,0.243808,0.244679,0.244595,0.243498,0.241325,0.238011,0.233488,0.227689,0.220539,0.211966,0.201893,0.190239,0.176923,0.161862,0.144968,0.126153,0.105326,0.0823941,0.057261,0.0298295,0,
0,0.0112272,0.0224377,0.0336209,0.0447643,0.0558541,0.0668746,0.0778088,0.088638,0.0993422,0.1099,0.120289,0.130484,0.14046,0.150191,0.159648,0.1688,0.177618,0.186069,0.194118,0.201729,0.208866,0.215489,0.221557,0.227028,0.231856,0.235995,0.239397,0.24201,0.243782,0.244657,0.244578,0.243484,0.241314,0.238003,0.233483,0.227686,0.220539,0.211967,0.201895,0.190242,0.176927,0.161865,0.144972,0.126157,0.105329,0.0823962,0.0572624,0.0298302,0,
0,0.0112194,0.0224222,0.033598,0.0447344,0.0558175,0.0668319,0.0777604,0.0885846,0.0992845,0.109839,0.120224,0.130417,0.140392,0.150122,0.159578,0.168732,0.177551,0.186003,0.194054,0.201668,0.208808,0.215435,0.221506,0.226981,0.231813,0.235957,0.239363,0.241981,0.243757,0.244636,0.24456,0.24347,0.241303,0.237995,0.233478,0.227683,0.220537,0.211967,0.201896,0.190244,0.176929,0.161869,0.144975,0.126159,0.105332,0.0823982,0.0572638,0.0298309,0,
0,0.0112116,0.0224069,0.0335753,0.0447047,0.0557813,0.0667896,0.0777126,0.0885319,0.0992274,0.109778,0.12016,0.130351,0.140324,0.150053,0.159509,0.168663,0.177483,0.185937,0.193991,0.201608,0.208751,0.21538,0.221456,0.226934,0.231771,0.235919,0.239329,0.241951,0.243731,0.244614,0.244542,0.243455,0.241292,0.237986,0.233472,0.227679,0.220536,0.211967,0.201897,0.190246,0.176932,0.161871,0.144978,0.126162,0.105334,0.0824,0.057265,0.0298315,0,
0,0.011204,0.0223917,0.0335529,0.0446754,0.0557455,0.0667478,0.0776653,0.0884797,0.0991709,0.109718,0.120097,0.130286,0.140258,0.149986,0.159441,0.168596,0.177417,0.185872,0.193928,0.201547,0.208693,0.215327,0.221406,0.226888,0.231729,0.235881,0.239295,0.241921,0.243705,0.244592,0.244524,0.243441,0.24128,0.237978,0.233466,0.227675,0.220534,0.211967,0.201898,0.190248,0.176934,0.161874,0.14498,0.126165,0.105336,0.0824017,0.0572662,0.0298321,0,
